0.000210 0.178996 0.987546 0.200536 0.000107 0.993007 0.955528 0.996223 0.975916 0.980995 
0.004887 0.817795 0.961903 0.998357 0.954761 0.020727 0.049363 0.219722 0.996483 0.000448 
0.013110 0.088093 0.980122 0.832248 0.083630 0.016518 0.027063 0.062270 0.000315 0.028286 
0.013110 0.630993 0.980122 0.832248 0.083630 0.016518 0.027063 0.062270 0.000315 0.028286 
0.012783 0.650203 0.943914 0.808388 0.079283 0.015886 0.026770 0.064643 0.118104 0.038351 
0.009573 0.015080 0.153090 0.999964 0.958191 0.866813 0.470106 0.999975 0.993198 0.115751 
0.050426 0.055075 0.198099 0.996131 0.885316 0.765590 0.568760 0.999813 0.873392 0.271444 
0.053883 0.974534 0.297091 0.838348 0.021930 0.038363 0.047734 0.222656 0.944853 0.083637 
0.053885 0.931228 0.297261 0.838396 0.022200 0.038382 0.047804 0.222885 0.944852 0.083619 
0.054062 0.299153 0.979236 0.999973 0.996426 0.124534 0.334577 0.999776 0.999604 0.149366 
0.053343 0.222052 0.994807 0.999966 0.995579 0.143835 0.368222 0.999725 0.999962 0.182201 
0.054670 0.739822 0.967591 0.998786 0.992308 0.140705 0.337042 0.997293 0.997591 0.032276 
0.059530 0.700709 0.901965 0.995430 0.975891 0.150198 0.211895 0.994161 0.992855 0.071821 
0.057182 0.744816 0.955878 0.993294 0.964810 0.195130 0.345282 0.991480 0.989526 0.092981 
0.056336 0.891660 0.998673 0.999896 0.997564 0.058712 0.320618 0.998922 0.998893 0.537491 
0.057046 0.619281 0.782470 1.000000 0.999942 0.044398 0.194878 0.999989 0.999998 0.013033 
0.066446 0.222480 0.006980 0.000026 0.975835 0.943245 0.085571 0.042115 0.000000 0.863550 
0.133175 0.851792 0.152263 0.274675 0.195010 0.718322 0.187378 0.812857 0.686511 0.350134 
0.133175 0.903361 0.152263 0.356957 0.195010 0.718322 0.187378 0.812857 0.686511 0.350134 
0.130789 0.125245 0.199343 0.025070 0.802016 0.768252 0.999658 0.025752 0.094715 0.995811 
0.133175 0.849866 0.152263 0.356957 0.195010 0.718322 0.187378 0.812857 0.686511 0.350134 
0.132502 0.722896 0.156808 0.134462 0.564935 0.290455 0.809479 0.406892 0.223979 0.873129 
0.132502 0.722896 0.156808 0.134462 0.564935 0.290455 0.583759 0.406892 0.223979 0.873129 
0.176092 0.271975 0.196842 0.128570 0.808356 0.563643 0.999771 0.033223 0.249773 0.996211 
0.182719 0.354919 0.108008 0.213266 0.188498 0.533714 0.998935 0.152756 0.288299 0.879877 
0.178201 0.285822 0.525746 0.253485 0.462624 0.236479 0.600504 0.102662 0.150365 0.630671 
0.178201 0.285822 0.525746 0.253485 0.462624 0.332499 0.600504 0.102662 0.150365 0.630671 
0.206976 0.363084 0.147711 0.000145 0.142760 0.305791 0.394464 0.997826 0.335511 0.935558 
0.212833 0.330782 0.531677 0.010803 0.190831 0.381297 0.381570 0.992058 0.291705 0.856244 
0.220374 0.369752 0.013655 0.341240 0.814817 0.341207 0.684168 0.583112 0.330822 0.576451 
0.225841 0.346968 0.024245 0.328834 0.746195 0.309019 0.686127 0.417384 0.306761 0.589459 
0.219177 0.369434 0.025829 0.341944 0.816508 0.341935 0.685065 0.582101 0.330506 0.576913 
0.252371 0.576562 0.441019 0.133171 0.535138 0.356720 0.544300 0.447960 0.371687 0.367479 
0.250729 0.506915 0.401879 0.209663 0.575765 0.398785 0.752128 0.345989 0.399473 0.544556 
0.255903 0.336550 0.603986 0.343803 0.760107 0.398834 0.605341 0.637169 0.427032 0.520194 
0.249257 0.444460 0.366780 0.278256 0.612197 0.436506 0.938495 0.254548 0.424389 0.854942 
0.255903 0.335017 0.113985 0.343803 0.760107 0.398834 0.605341 0.637169 0.427032 0.520194 
0.228265 0.077664 0.496003 0.082716 0.355966 0.498840 0.395584 0.852420 0.342308 0.561425 
0.218435 0.282874 0.012099 0.383456 0.805114 0.295703 0.523237 0.408849 0.288636 0.651427 
0.315171 0.452299 0.384330 0.352102 0.647651 0.616236 0.545109 0.280597 0.410217 0.427806 
0.327466 0.463424 0.388337 0.381322 0.653832 0.612408 0.535082 0.295828 0.421856 0.419806 
0.307623 0.173343 0.054919 0.548579 0.257808 0.603001 0.265778 0.421932 0.522817 0.505754 
0.321332 0.475137 0.346343 0.300727 0.991974 0.542902 0.732625 0.361473 0.543923 0.608259 
0.326309 0.452942 0.375337 0.171999 0.689262 0.456575 0.670039 0.288416 0.402913 0.654958 
0.321332 0.475137 0.033947 0.310429 0.998333 0.542902 0.732625 0.361473 0.543923 0.608259 
0.321332 0.475137 0.346343 0.300727 0.991974 0.542902 0.732625 0.361473 0.543923 0.837241 
0.359420 0.512891 0.397053 0.345660 0.994386 0.483080 0.976293 0.409194 0.625200 0.570111 
0.321332 0.475137 0.043588 0.310130 0.998137 0.536155 0.732625 0.361473 0.543923 0.632547 
0.324260 0.539579 0.408570 0.247803 0.997223 0.530070 0.851366 0.348563 0.548430 0.301311 
0.325502 0.465769 0.377464 0.182893 0.671886 0.467474 0.702060 0.284428 0.735945 0.636049 
0.388072 0.661936 0.600829 0.468320 0.052401 0.610069 0.698290 0.553495 0.903287 0.769716 
0.403853 0.632109 0.619524 0.493046 0.095445 0.624073 0.768478 0.574339 0.903177 0.735055 
0.409486 0.451870 0.460703 0.486321 0.389900 0.587200 0.503071 0.275906 0.688090 0.627955 
0.391308 0.672455 0.581285 0.102387 0.058615 0.614785 0.686749 0.563745 0.888409 0.751435 
0.461911 0.580483 0.577455 0.489764 0.101628 0.600335 0.662249 0.583451 0.889205 0.755983 
0.430130 0.198311 0.710526 0.515568 0.307844 0.586889 0.581854 0.386951 0.809373 0.426180 
0.466151 0.446463 0.514647 0.579867 0.237485 0.563746 0.465121 0.660113 0.758464 0.717788 
0.453471 0.369793 0.568687 0.537479 0.258797 0.581021 0.405777 0.568459 0.860296 0.664407 
0.466036 0.448763 0.510954 0.573938 0.236709 0.566465 0.470842 0.660542 0.879124 0.731128 
0.465893 0.451613 0.506379 0.566591 0.235748 0.569834 0.477931 0.661074 0.854275 0.747656 
0.465547 0.528229 0.495307 0.548814 0.233423 0.577986 0.495083 0.662361 0.886641 0.787652 
0.560242 0.785713 0.418847 0.680659 0.719310 0.788266 0.040041 0.731744 0.798489 0.640603 
0.558685 0.785793 0.436269 0.699414 0.871861 0.790659 0.028293 0.722345 0.798025 0.619600 
0.528437 0.737245 0.260646 0.690857 0.462819 0.764387 0.583852 0.858684 0.537058 0.797930 
0.558654 0.789640 0.442463 0.700578 0.855145 0.789836 0.045682 0.601193 0.801513 0.628427 
0.561141 0.761506 0.425044 0.679973 0.728349 0.997436 0.042349 0.735487 0.770844 0.511560 
0.560327 0.783430 0.419431 0.680594 0.720163 0.998566 0.040259 0.732097 0.795881 0.628068 
0.543623 0.732933 0.442464 0.656075 0.717806 0.962530 0.048313 0.737978 0.712117 0.294889 
0.577343 0.784844 0.028472 0.474651 0.273121 0.761976 0.169089 0.834989 0.803586 0.871293 
0.557373 0.951156 0.702486 0.749421 0.153409 0.755272 0.775659 0.373662 0.947956 0.998954 
0.586149 0.790225 0.114830 0.366736 0.024987 0.743492 0.231537 0.874602 0.805930 0.996543 
0.586149 0.790225 0.114830 0.366736 0.012292 0.743492 0.231537 0.874602 0.821678 0.996543 
0.724926 0.987983 0.886171 0.920354 0.035098 0.995898 0.923032 0.388603 0.904570 0.991865 
0.714246 0.993674 0.009168 0.892799 0.060987 0.912131 0.965498 0.007015 0.003808 0.154078 
0.724715 0.025645 0.999634 0.995785 0.970633 0.908817 0.289012 0.998156 0.900941 0.030320 
0.724798 0.019321 0.999848 0.999483 0.978153 0.908996 0.290675 0.999666 0.900244 0.025078 
0.714133 0.987940 0.916192 0.921431 0.035587 0.997418 0.920449 0.402853 0.977531 0.994001 
0.712648 0.992549 0.003405 0.987407 0.009606 0.947680 0.996939 0.001935 0.000026 0.147413 
0.707496 0.840608 0.885972 0.834197 0.013836 0.808876 0.714697 0.129235 0.222414 0.858714 
0.706463 0.832985 0.923982 0.897774 0.111959 0.797803 0.699624 0.079296 0.145376 0.973619 
0.707720 0.845690 0.856858 0.836143 0.015402 0.812305 0.723025 0.125177 0.215156 0.928605 
0.712179 0.999079 0.010827 0.945505 0.053456 0.949967 0.993952 0.003354 0.069642 0.144889 
0.724895 0.949269 0.000619 0.621253 0.099783 0.717197 0.818897 0.872467 0.665356 0.201417 
0.854114 0.998452 0.004421 0.993539 0.005149 0.976991 0.989756 0.002203 0.000347 0.121471 
0.860336 0.999043 0.070370 0.991790 0.030540 0.976700 0.986985 0.002612 0.000183 0.130308 
0.852350 0.998285 0.018305 0.994035 0.082577 0.977074 0.990542 0.002087 0.000394 0.118965 
0.829811 0.000430 0.940248 0.023695 0.954791 0.009585 0.000199 0.003192 0.001137 0.998135 
0.872044 0.992605 0.999881 0.999264 0.000020 0.990456 0.609315 0.006922 0.886746 0.934924 
0.867283 0.993053 0.974068 0.992606 0.000093 0.969482 0.655857 0.006187 0.781099 0.834182 
0.882747 0.983649 0.126242 0.819718 0.991158 0.791779 0.007528 0.981196 0.358106 0.926886 
0.882634 0.997847 0.182221 0.850648 0.981005 0.802003 0.009468 0.983202 0.464538 0.928622 
0.882747 0.983649 0.216773 0.819718 0.991158 0.791779 0.007528 0.981196 0.358106 0.926886 
0.885383 0.968201 0.570190 0.109978 0.934271 0.438716 0.080111 0.986968 0.950003 0.056802 
0.882663 0.994164 0.191183 0.842626 0.957325 0.799351 0.004020 0.988065 0.436933 0.928171 
0.999965 0.999999 0.000718 0.322186 0.000004 0.997458 0.999926 0.000008 0.985235 0.760164 
0.999905 0.324446 0.047219 0.661333 0.226476 0.364749 0.322002 0.089562 0.544632 0.686751 
0.999863 0.316245 0.045913 0.655321 0.231734 0.356693 0.223647 0.090774 0.558940 0.684133 
0.999757 0.082047 0.005106 0.481874 0.307436 0.051523 0.001349 0.008461 0.880492 0.663154 
0.999467 0.035018 0.002517 0.007451 0.514500 0.000158 0.000011 0.001675 0.995771 0.605773 
0.999563 0.780862 0.015245 0.473592 0.045477 0.845385 0.944225 0.003554 0.787082 0.882766 
