0.000016 0.410291 0.997691 0.024990 0.000003 0.922818 0.996615 0.999376 0.998969 0.996657 
0.004887 0.817795 0.961903 0.998357 0.954761 0.020727 0.049363 0.219722 0.996483 0.000448 
0.013110 0.088093 0.980122 0.832248 0.083630 0.016518 0.027063 0.062270 0.000315 0.028286 
0.024987 0.970441 0.138232 0.982852 0.005410 0.010025 0.008583 0.085766 0.997957 0.036427 
0.013083 0.090504 0.980062 0.832797 0.086508 0.016531 0.027137 0.842799 0.003606 0.028194 
0.013110 0.630993 0.980122 0.832248 0.083630 0.016518 0.027063 0.062270 0.000315 0.028286 
0.050426 0.055075 0.198099 0.996131 0.885316 0.765590 0.568760 0.999813 0.873392 0.271444 
0.053883 0.974534 0.297091 0.838348 0.021930 0.038363 0.047734 0.222656 0.944853 0.083637 
0.053885 0.931228 0.297261 0.838396 0.022200 0.038382 0.047804 0.222885 0.944852 0.083619 
0.054062 0.299153 0.979236 0.999973 0.996426 0.124534 0.334577 0.999776 0.999604 0.149366 
0.053343 0.222052 0.994807 0.999966 0.995579 0.143835 0.368222 0.999725 0.999962 0.182201 
0.057791 0.566136 0.997306 0.996705 0.981427 0.148409 0.255846 0.995725 0.994853 0.102854 
0.052406 0.758046 0.998170 0.992136 0.999958 0.136281 0.395355 0.998753 0.999798 0.013851 
0.054670 0.739822 0.967591 0.998786 0.992308 0.140705 0.337042 0.997293 0.997591 0.032276 
0.053850 0.067304 0.543717 0.901424 0.018964 0.194113 0.024337 0.208550 0.212469 0.154920 
0.059530 0.700709 0.901965 0.995430 0.975891 0.150198 0.211895 0.994161 0.992855 0.071821 
0.057182 0.744816 0.955878 0.993294 0.964810 0.195130 0.345282 0.991480 0.989526 0.092981 
0.132648 0.774045 0.153168 0.143824 0.544645 0.249564 0.793203 0.439512 0.235042 0.142963 
0.133175 0.851792 0.152263 0.274675 0.195010 0.718322 0.187378 0.812857 0.686511 0.350134 
0.133175 0.903361 0.152263 0.356957 0.195010 0.718322 0.187378 0.812857 0.686511 0.350134 
0.130789 0.125245 0.199343 0.025070 0.802016 0.768252 0.999658 0.025752 0.094715 0.995811 
0.130702 0.730573 0.159969 0.154221 0.546534 0.291481 0.958415 0.409136 0.247959 0.849593 
0.133175 0.849866 0.152263 0.356957 0.195010 0.718322 0.187378 0.812857 0.686511 0.350134 
0.130662 0.727770 0.160094 0.150932 0.552236 0.284557 0.791658 0.402587 0.240846 0.857694 
0.132502 0.722896 0.156808 0.134462 0.564935 0.290455 0.809479 0.406892 0.223979 0.873129 
0.132502 0.722896 0.156808 0.134462 0.564935 0.290455 0.583759 0.406892 0.223979 0.873129 
0.182719 0.354919 0.108008 0.213266 0.188498 0.533714 0.998935 0.152756 0.288299 0.879877 
0.178201 0.285822 0.525746 0.253485 0.462624 0.236479 0.600504 0.102662 0.150365 0.630671 
0.214270 0.331869 0.010574 0.316665 0.747095 0.285165 0.122470 0.406497 0.289840 0.572838 
0.219737 0.371547 0.011469 0.342678 0.925728 0.344108 0.653599 0.600674 0.332919 0.574263 
0.224613 0.382991 0.087437 0.330436 0.779591 0.359023 0.730858 0.239706 0.347470 0.627151 
0.231186 0.374343 0.310081 0.215113 0.518418 0.389377 0.885467 0.468676 0.353636 0.848719 
0.247282 0.543666 0.373041 0.166267 0.579625 0.354253 0.566548 0.469458 0.365187 0.320265 
0.252371 0.576562 0.441019 0.133171 0.535138 0.356720 0.544300 0.447960 0.371687 0.367479 
0.250729 0.506915 0.401879 0.209663 0.575765 0.398785 0.752128 0.345989 0.399473 0.544556 
0.252163 0.567725 0.436053 0.142876 0.540293 0.362058 0.570670 0.921590 0.375212 0.389947 
0.226571 0.352305 0.034911 0.327259 0.740660 0.312989 0.981461 0.412314 0.310424 0.597726 
0.225841 0.346968 0.024245 0.328834 0.746195 0.309019 0.686127 0.417384 0.306761 0.589459 
0.288802 0.455653 0.240461 0.358948 0.676664 0.468192 0.698643 0.365500 0.446958 0.769782 
0.315171 0.452299 0.384330 0.352102 0.647651 0.616236 0.545109 0.280597 0.410217 0.427806 
0.327466 0.463424 0.388337 0.381322 0.653832 0.612408 0.535082 0.295828 0.421856 0.419806 
0.327159 0.460276 0.347466 0.374638 0.680991 0.606053 0.538062 0.296749 0.436533 0.430094 
0.321332 0.475137 0.346343 0.300727 0.991974 0.542902 0.732625 0.361473 0.543923 0.608259 
0.326425 0.453994 0.394949 0.193002 0.685707 0.472211 0.656498 0.289160 0.404813 0.631363 
0.340198 0.478089 0.384446 0.244846 0.817255 0.467693 0.798506 0.339080 0.524670 0.619367 
0.325596 0.452901 0.375913 0.183533 0.686597 0.466800 0.662038 0.287915 0.401789 0.640411 
0.359420 0.512891 0.397053 0.345660 0.994386 0.483080 0.976293 0.409194 0.625200 0.570111 
0.359297 0.515533 0.394280 0.361219 0.998762 0.492432 0.110485 0.418292 0.844096 0.569969 
0.363734 0.520254 0.399883 0.368290 0.999556 0.486534 0.996898 0.424932 0.879179 0.565494 
0.326309 0.452942 0.375337 0.171999 0.689262 0.456575 0.670039 0.288416 0.402913 0.654958 
0.395898 0.581072 0.602841 0.740022 0.625843 0.779919 0.040150 0.673270 0.563479 0.449364 
0.403853 0.632109 0.619524 0.493046 0.095445 0.624073 0.768478 0.574339 0.903177 0.735055 
0.402990 0.652052 0.564764 0.173964 0.015827 0.611766 0.678024 0.559290 0.883260 0.748904 
0.432168 0.469601 0.536024 0.586699 0.079043 0.575746 0.517007 0.658911 0.688081 0.703379 
0.443815 0.513023 0.552248 0.548739 0.186559 0.585375 0.573884 0.629360 0.766842 0.723979 
0.409486 0.451870 0.460703 0.486321 0.389900 0.587200 0.503071 0.275906 0.688090 0.627955 
0.461911 0.580483 0.577455 0.489764 0.101628 0.600335 0.662249 0.583451 0.889205 0.755983 
0.454448 0.562174 0.491986 0.489274 0.142666 0.598465 0.639589 0.539669 0.860574 0.737757 
0.466151 0.446463 0.514647 0.579867 0.237485 0.563746 0.465121 0.660113 0.758464 0.717788 
0.466151 0.446463 0.077486 0.579867 0.237485 0.563746 0.465121 0.660113 0.758464 0.717788 
0.466036 0.448763 0.510954 0.573938 0.236709 0.566465 0.470842 0.660542 0.879124 0.731128 
0.492621 0.697740 0.754812 0.645354 0.212090 0.682906 0.788209 0.386715 0.635645 0.843829 
0.560242 0.785713 0.418847 0.680659 0.719310 0.788266 0.040041 0.731744 0.798489 0.640603 
0.561348 0.785657 0.393603 0.869377 0.690458 0.786566 0.048386 0.738421 0.798818 0.655520 
0.558945 0.758257 0.417996 0.676508 0.738290 0.997436 0.029749 0.740260 0.767878 0.679545 
0.558685 0.785793 0.436269 0.699414 0.871861 0.790659 0.028293 0.722345 0.798025 0.619600 
0.556657 0.818406 0.424497 0.698840 0.844444 0.788898 0.065531 0.731483 0.826859 0.631553 
0.570406 0.801532 0.403316 0.721338 0.806220 0.802613 0.999036 0.667502 0.737275 0.583654 
0.560371 0.782239 0.419736 0.680560 0.798012 0.999479 0.041385 0.732282 0.794521 0.621529 
0.576335 0.784895 0.050518 0.486802 0.305490 0.763527 0.161478 0.749086 0.803285 0.857686 
0.577343 0.784844 0.028472 0.474651 0.273121 0.761976 0.169089 0.834989 0.803586 0.871293 
0.582218 0.785710 0.163595 0.415977 0.290969 0.783412 0.198444 0.852733 0.800414 0.920304 
0.724478 0.047581 0.077158 0.993452 0.950020 0.908892 0.913406 0.975696 0.975555 0.033124 
0.724926 0.987983 0.886171 0.920354 0.035098 0.995898 0.923032 0.388603 0.904570 0.991865 
0.714246 0.993674 0.009168 0.892799 0.060987 0.912131 0.965498 0.007015 0.003808 0.154078 
0.724715 0.025645 0.999634 0.995785 0.970633 0.908817 0.289012 0.998156 0.900941 0.030320 
0.724798 0.019321 0.999848 0.999483 0.978153 0.908996 0.290675 0.999666 0.900244 0.025078 
0.724797 0.019443 0.995875 0.999457 0.978032 0.908996 0.293357 0.999563 0.897721 0.025113 
0.714133 0.987940 0.916192 0.921431 0.035587 0.997418 0.920449 0.402853 0.977531 0.994001 
0.707342 0.837125 0.905926 0.832863 0.012763 0.806634 0.708989 0.132017 0.227389 0.874750 
0.712648 0.992549 0.003405 0.987407 0.009606 0.947680 0.996939 0.001935 0.000026 0.147413 
0.707496 0.840608 0.885972 0.834197 0.013836 0.808876 0.714697 0.129235 0.222414 0.858714 
0.712179 0.999079 0.010827 0.945505 0.053456 0.949967 0.993952 0.003354 0.069642 0.144889 
0.885193 0.999817 0.002315 0.998532 0.006860 0.996781 0.997571 0.002141 0.000023 0.058108 
0.846509 0.997731 0.000306 0.995676 0.002484 0.977348 0.996652 0.976413 0.000547 0.110669 
0.854114 0.998452 0.004421 0.993539 0.005149 0.976991 0.989756 0.002203 0.000347 0.121471 
0.860316 0.999054 0.068759 0.991778 0.030593 0.976676 0.987640 0.002605 0.000018 0.128913 
0.860336 0.999043 0.070370 0.991790 0.030540 0.976700 0.986985 0.002612 0.000183 0.130308 
0.851882 0.998241 0.021989 0.994166 0.103121 0.977096 0.990750 0.002056 0.000406 0.000007 
0.852350 0.998285 0.018305 0.994035 0.082577 0.977074 0.990542 0.002087 0.000394 0.118965 
0.872044 0.992605 0.999881 0.999264 0.000020 0.990456 0.609315 0.006922 0.886746 0.934924 
0.891788 0.999886 0.061867 0.984003 0.957762 0.754152 0.004680 0.995054 0.512167 0.916093 
0.882747 0.983649 0.126242 0.819718 0.991158 0.791779 0.007528 0.981196 0.358106 0.926886 
0.885383 0.968201 0.570190 0.109978 0.934271 0.438716 0.080111 0.986968 0.950003 0.056802 
0.999990 1.000000 0.352869 0.004212 0.000001 0.998851 0.999966 0.000002 0.994312 0.911105 
0.999965 0.999999 0.000718 0.322186 0.000004 0.997458 0.999926 0.000008 0.985235 0.760164 
0.999965 0.999999 0.000718 0.322186 0.000004 0.997458 0.999926 0.000008 0.871322 0.760164 
0.999914 0.339129 0.049770 0.799294 0.221571 0.383723 0.341426 0.094475 0.510839 0.688180 
0.999914 0.339129 0.049770 0.672204 0.221571 0.383723 0.341426 0.094475 0.510839 0.688180 
0.999905 0.324446 0.047219 0.661333 0.226476 0.364749 0.322002 0.089562 0.544632 0.686751 
