0.000210 0.178996 0.987546 0.200536 0.000107 0.993007 0.955528 0.996223 0.975916 0.980995 
0.004887 0.817795 0.961903 0.998357 0.954761 0.020727 0.049363 0.219722 0.996483 0.000448 
0.013110 0.630993 0.980122 0.832248 0.083630 0.016518 0.027063 0.062270 0.000315 0.028286 
0.009573 0.015080 0.153090 0.999907 0.958191 0.866813 0.470106 0.999975 0.993198 0.115751 
0.010076 0.020725 0.208996 0.088041 0.938871 0.169036 0.997216 0.043122 0.268478 0.000832 
0.007032 0.988138 0.306970 0.388651 0.002816 0.004779 0.021613 0.106387 0.982328 0.215403 
0.050426 0.055075 0.198099 0.996131 0.885316 0.765590 0.568760 0.999813 0.873392 0.271444 
0.053883 0.974534 0.297091 0.838348 0.021930 0.038363 0.047734 0.222656 0.944853 0.083637 
0.054062 0.299153 0.979236 0.999973 0.996426 0.124534 0.334577 0.999776 0.999604 0.149366 
0.054670 0.739822 0.967591 0.998786 0.992308 0.140705 0.337042 0.997293 0.997591 0.032276 
0.057182 0.744816 0.955878 0.993294 0.964810 0.195130 0.345282 0.991480 0.989526 0.092981 
0.057046 0.619281 0.782470 1.000000 0.999942 0.044398 0.194878 0.999989 0.999998 0.013033 
0.066446 0.222480 0.006980 0.000026 0.975835 0.943245 0.085571 0.042115 0.000000 0.791317 
0.057660 0.121446 0.518716 0.035479 0.975164 0.819817 0.823839 0.192091 0.215167 0.040667 
0.064550 0.606437 0.786734 0.999996 0.999576 0.054166 0.207097 0.999890 0.999968 0.026593 
0.082563 0.489272 0.922417 0.367344 0.180093 0.091541 0.193487 0.182724 0.004400 0.093126 
0.052546 0.239054 0.254032 0.988052 0.534032 0.467385 0.357995 0.959350 0.879903 0.051865 
0.133175 0.903361 0.152263 0.356957 0.195010 0.718322 0.187378 0.812857 0.686511 0.350134 
0.136606 0.854359 0.838307 0.837094 0.727325 0.179193 0.333974 0.514896 0.988005 0.121216 
0.144333 0.716356 0.857083 0.343181 0.569437 0.546578 0.498126 0.311082 0.091181 0.213738 
0.149243 0.213346 0.998234 0.986508 0.825145 0.778218 0.575426 0.876870 0.791124 0.227173 
0.132502 0.722896 0.156808 0.134462 0.564935 0.290455 0.583759 0.406892 0.566647 0.873129 
0.147600 0.745974 0.188849 0.935371 0.779071 0.972754 0.996895 0.298572 0.986981 0.968009 
0.176092 0.271975 0.196842 0.128570 0.808356 0.563643 0.999771 0.033223 0.249773 0.996211 
0.182719 0.354919 0.108008 0.213266 0.188498 0.533714 0.998935 0.152756 0.288299 0.879877 
0.178201 0.285822 0.525746 0.253485 0.462624 0.236479 0.600504 0.102662 0.150365 0.630671 
0.178201 0.285822 0.525746 0.253485 0.462624 0.332499 0.600504 0.102662 0.150365 0.630671 
0.206976 0.363084 0.147711 0.000145 0.142760 0.305791 0.394464 0.997826 0.335511 0.935558 
0.212833 0.330782 0.531677 0.010803 0.190831 0.381297 0.381570 0.992058 0.291705 0.856244 
0.220374 0.369752 0.013655 0.341240 0.814817 0.341207 0.684168 0.583112 0.330822 0.576451 
0.225841 0.346968 0.024245 0.328834 0.746195 0.309019 0.686127 0.417384 0.306761 0.589459 
0.219177 0.369434 0.025829 0.341944 0.816508 0.341935 0.685065 0.582101 0.330506 0.576913 
0.252371 0.576562 0.441019 0.133171 0.535138 0.356720 0.544300 0.447960 0.371687 0.367479 
0.249257 0.444460 0.366780 0.278256 0.612197 0.436506 0.938495 0.254548 0.424389 0.854942 
0.255903 0.335017 0.113985 0.343803 0.760107 0.398834 0.605341 0.637169 0.427032 0.520194 
0.225615 0.209404 0.690182 0.359749 0.516130 0.600116 0.311102 0.199767 0.102308 0.168303 
0.261694 0.380738 0.053923 0.316937 0.756419 0.316069 0.653184 0.618038 0.341728 0.560504 
0.223527 0.273002 0.574469 0.029689 0.278598 0.513425 0.358027 0.879215 0.211724 0.561126 
0.223527 0.271804 0.574469 0.029689 0.278598 0.513425 0.358027 0.879215 0.211724 0.561126 
0.307623 0.173343 0.054919 0.548579 0.257808 0.603001 0.265778 0.421932 0.522817 0.505754 
0.304784 0.461478 0.448361 0.438702 0.067254 0.739849 0.229029 0.144272 0.184840 0.123630 
0.321332 0.475137 0.346343 0.300727 0.991974 0.542902 0.732625 0.361473 0.543923 0.608259 
0.321332 0.475137 0.033947 0.310429 0.998333 0.542902 0.732625 0.361473 0.543923 0.608259 
0.326309 0.452942 0.375337 0.171999 0.689262 0.456575 0.670039 0.288416 0.402913 0.654958 
0.325726 0.453173 0.377315 0.179224 0.672411 0.464249 0.656804 0.284511 0.743007 0.640564 
0.308998 0.843201 0.569962 0.377917 0.392474 0.499825 0.477577 0.985948 0.852296 0.079148 
0.316671 0.775980 0.522522 0.370768 0.394967 0.517457 0.400655 0.889204 0.785959 0.195408 
0.318038 0.772987 0.522321 0.372404 0.393493 0.518018 0.401547 0.886983 0.786870 0.114407 
0.318151 0.772739 0.522305 0.372540 0.393371 0.517880 0.401621 0.886799 0.786946 0.107704 
0.376890 0.653423 0.707478 0.385251 0.259274 0.325598 0.812131 0.476312 0.636472 0.276785 
0.388072 0.661936 0.600829 0.468320 0.052401 0.610069 0.698290 0.553495 0.903287 0.769716 
0.394079 0.645512 0.593905 0.476457 0.066601 0.606709 0.680767 0.240772 0.901425 0.766743 
0.402605 0.161386 0.459748 0.656995 0.354085 0.549995 0.439604 0.735991 0.817826 0.687638 
0.411583 0.392104 0.218414 0.725165 0.840701 0.573473 0.256770 0.678280 0.597925 0.301966 
0.430130 0.198311 0.710526 0.515568 0.307844 0.586889 0.581854 0.386951 0.809373 0.426180 
0.453471 0.369793 0.568687 0.537479 0.258797 0.581021 0.405777 0.568459 0.860296 0.664407 
0.441963 0.837091 0.275393 0.387526 0.155864 0.688607 0.506108 0.724174 0.655549 0.465308 
0.466036 0.448763 0.510954 0.573938 0.236709 0.566465 0.470842 0.660542 0.879124 0.731128 
0.465893 0.451613 0.506379 0.566591 0.235748 0.569834 0.477931 0.661074 0.854275 0.747656 
0.465547 0.528229 0.495307 0.548814 0.233423 0.577986 0.495083 0.662361 0.886641 0.787652 
0.476381 0.949269 0.000619 0.621253 0.099783 0.712985 0.818897 0.872467 0.665356 0.201417 
0.560242 0.785713 0.418847 0.680659 0.719310 0.788266 0.040041 0.731744 0.798489 0.640603 
0.528437 0.737245 0.260646 0.690857 0.462819 0.764387 0.583852 0.858684 0.537058 0.797930 
0.560327 0.783430 0.419431 0.680594 0.720163 0.998566 0.040259 0.732097 0.795881 0.628068 
0.543623 0.732933 0.442464 0.656075 0.717806 0.962530 0.048313 0.737978 0.712117 0.294889 
0.557373 0.951156 0.702486 0.749421 0.153409 0.755272 0.775659 0.373662 0.947956 0.998954 
0.557541 0.941599 0.686358 0.745499 0.185702 0.769135 0.733757 0.394085 0.939291 0.984129 
0.543981 0.813149 0.437880 0.653945 0.710192 0.959491 0.048859 0.725143 0.713083 0.301496 
0.562544 0.723711 0.434721 0.678901 0.742460 0.995487 0.045953 0.741329 0.727684 0.300221 
0.575869 0.768069 0.030375 0.464601 0.033347 0.689372 0.097395 0.620994 0.798897 0.888724 
0.586149 0.790225 0.114830 0.366736 0.024987 0.743492 0.231537 0.874602 0.805930 0.996543 
0.586877 0.784359 0.120804 0.359813 0.024395 0.747321 0.241026 0.892543 0.806427 0.999891 
0.724926 0.987983 0.886171 0.920354 0.035098 0.995898 0.923032 0.388603 0.904570 0.991865 
0.714246 0.993674 0.009168 0.892799 0.060987 0.912131 0.965498 0.007015 0.003808 0.154078 
0.724715 0.025645 0.999634 0.995785 0.970633 0.908817 0.289012 0.998156 0.900941 0.030320 
0.714133 0.987940 0.916192 0.921431 0.035587 0.997418 0.920449 0.402853 0.977531 0.994001 
0.648269 0.804502 0.011307 0.854178 0.928497 0.870207 0.676889 0.963772 0.739481 0.200967 
0.707496 0.840608 0.885972 0.834197 0.013836 0.808876 0.714697 0.129235 0.222414 0.858714 
0.707720 0.845690 0.856858 0.836143 0.015402 0.812305 0.723025 0.125177 0.215156 0.928605 
0.707372 0.998745 0.988976 0.002802 0.971107 0.751846 0.096123 0.985569 0.793945 0.184128 
0.714104 0.833784 0.355423 0.523318 0.009654 0.885910 0.841800 0.698886 0.989958 0.700128 
0.710301 0.757359 0.959971 0.069819 0.779042 0.468440 0.097670 0.969081 0.783447 0.203147 
0.717136 0.257424 0.919558 0.546210 0.157158 0.049775 0.095698 0.779410 0.770852 0.231925 
0.854114 0.998452 0.004421 0.993539 0.005149 0.976991 0.989756 0.002203 0.000347 0.121471 
0.852350 0.998285 0.018305 0.994035 0.082577 0.977074 0.990542 0.002087 0.000394 0.118965 
0.832123 0.996366 0.177497 0.999720 0.004443 0.978022 0.999550 0.000757 0.000926 0.090235 
0.800706 0.002846 0.865456 0.041133 0.950644 0.021528 0.001148 0.008854 0.002810 0.974337 
0.842643 0.002270 0.960702 0.261829 0.994574 0.877707 0.997234 0.003652 0.001486 0.071827 
0.885383 0.968201 0.570190 0.109978 0.934271 0.438716 0.080111 0.986968 0.950003 0.056802 
0.882663 0.994164 0.191183 0.842626 0.957325 0.799351 0.004020 0.988065 0.436933 0.928171 
0.883077 0.941991 0.318149 0.728967 0.882905 0.761783 0.021423 0.953984 0.045824 0.921793 
0.855410 0.984649 0.515568 0.991911 0.128627 0.801267 0.998081 0.075895 0.026793 0.441716 
0.885124 0.689811 0.946942 0.166076 0.514346 0.575728 0.107610 0.785202 0.059800 0.890201 
0.886141 0.999431 0.583250 0.275684 0.797045 0.758580 0.169950 0.240657 0.917692 0.253472 
0.999863 0.316245 0.045913 0.655321 0.231734 0.356693 0.223647 0.090774 0.558940 0.684133 
0.999270 0.999995 0.001787 0.313824 0.000033 0.988147 0.999852 0.000283 0.960614 0.764465 
0.998900 0.127649 0.015877 0.517062 0.352666 0.171420 0.096097 0.055974 0.887995 0.623924 
0.998900 0.127649 0.015877 0.517062 0.352666 0.171420 0.096097 0.118640 0.887995 0.623924 
0.998598 0.839904 0.009042 0.398405 0.049543 0.841220 0.813585 0.017826 0.859291 0.663854 
0.997755 0.322304 0.046878 0.659763 0.227849 0.362645 0.227744 0.089878 0.548369 0.686067 
