0.000000 0.999320 0.004984 0.000000 0.000000 0.999163 0.999998 1.000000 1.000000 1.000000 
0.009222 0.014721 0.009138 0.013284 0.007325 0.014647 0.001100 0.013638 0.015451 0.007993 
0.017332 0.028290 0.023220 0.026170 0.020791 0.027927 0.028079 0.027360 0.028943 0.036134 
0.025862 0.038728 0.038639 0.041019 0.040237 0.042572 0.041569 0.039129 0.041020 0.041054 
0.033111 0.050649 0.051666 0.052462 0.052003 0.053669 0.053047 0.052424 0.053210 0.033064 
0.042157 0.065525 0.066095 0.066741 0.066686 0.067517 0.067371 0.069374 0.068423 0.062903 
0.049742 0.077322 0.076946 0.077921 0.077441 0.078836 0.078396 0.079298 0.079063 0.083250 
0.057514 0.088676 0.088962 0.090109 0.088151 0.089939 0.090309 0.090712 0.089397 0.093520 
0.065418 0.102119 0.101550 0.102472 0.100520 0.102327 0.102480 0.102834 0.101925 0.105434 
0.073046 0.113703 0.114581 0.114180 0.114275 0.113813 0.114346 0.114921 0.114257 0.115198 
0.080415 0.125965 0.126162 0.125333 0.125266 0.125428 0.125701 0.125407 0.127922 0.127981 
0.086727 0.135119 0.136529 0.135559 0.136278 0.137778 0.135431 0.135629 0.135230 0.136947 
0.094805 0.148534 0.150503 0.148339 0.149105 0.150482 0.148089 0.148168 0.147012 0.148158 
0.098759 0.154719 0.154601 0.155286 0.154558 0.154403 0.153965 0.158934 0.154329 0.155444 
0.107994 0.169552 0.168888 0.168751 0.166869 0.168846 0.167845 0.167973 0.168956 0.169959 
0.115043 0.180342 0.180576 0.180868 0.179881 0.180812 0.179373 0.178776 0.179390 0.176904 
0.124327 0.194935 0.194372 0.195790 0.193999 0.194727 0.193725 0.192818 0.194244 0.195489 
0.131178 0.206431 0.205058 0.207112 0.205348 0.205578 0.203915 0.203237 0.204852 0.206187 
0.139208 0.217339 0.217019 0.215268 0.216842 0.216954 0.215312 0.218001 0.214902 0.216884 
0.146424 0.228157 0.227949 0.227648 0.228743 0.227643 0.226739 0.228849 0.227097 0.228086 
0.153769 0.240347 0.239489 0.238848 0.241891 0.241121 0.239363 0.240069 0.239320 0.239245 
0.160891 0.249493 0.250443 0.248424 0.251249 0.249852 0.248872 0.249896 0.248801 0.249983 
0.168296 0.260612 0.261215 0.260300 0.259814 0.260566 0.260727 0.261697 0.260232 0.261608 
0.172558 0.267585 0.267784 0.266992 0.268898 0.268102 0.266117 0.267926 0.267622 0.267933 
0.181131 0.279882 0.280471 0.280207 0.280612 0.279990 0.279348 0.280115 0.281146 0.280735 
0.187909 0.289837 0.290900 0.289985 0.290962 0.290145 0.289848 0.290684 0.290745 0.291370 
0.187909 0.289837 0.290900 0.289985 0.290962 0.290145 0.289848 0.290684 0.290635 0.291370 
0.205010 0.314993 0.316520 0.315149 0.316590 0.315561 0.315407 0.316865 0.315077 0.316371 
0.213292 0.327982 0.329077 0.326747 0.329216 0.329500 0.329005 0.328173 0.328255 0.329270 
0.219917 0.338203 0.338821 0.337345 0.339545 0.338833 0.338543 0.338109 0.338018 0.339000 
0.223320 0.342947 0.343782 0.342381 0.343892 0.343841 0.343481 0.343096 0.342999 0.343860 
0.236024 0.361904 0.363301 0.362619 0.362500 0.362007 0.361817 0.362019 0.364604 0.362368 
0.240104 0.367992 0.369473 0.369072 0.368473 0.367841 0.367705 0.368094 0.367755 0.368309 
0.247009 0.378295 0.379837 0.379952 0.378583 0.377715 0.377672 0.378374 0.378561 0.378361 
0.255487 0.390889 0.391273 0.390565 0.391437 0.389787 0.389831 0.391603 0.390602 0.391508 
0.261761 0.400315 0.400153 0.399770 0.400155 0.400467 0.398971 0.400300 0.399520 0.399790 
0.273141 0.416702 0.416374 0.416501 0.416151 0.417527 0.415573 0.416223 0.415804 0.415059 
0.280008 0.426676 0.425976 0.426537 0.425509 0.425068 0.425550 0.425592 0.425453 0.423875 
0.290004 0.437906 0.439863 0.440850 0.439265 0.438457 0.440055 0.439594 0.439516 0.440087 
0.309947 0.467935 0.468103 0.467699 0.467671 0.467914 0.467577 0.467735 0.467725 0.468480 
0.308127 0.465441 0.465639 0.465307 0.465207 0.465426 0.465061 0.465180 0.465197 0.467302 
0.313063 0.472140 0.472298 0.472252 0.471895 0.472180 0.471879 0.472061 0.472031 0.473795 
0.317180 0.477894 0.477859 0.478042 0.477452 0.477789 0.477577 0.477957 0.477803 0.479148 
0.325872 0.489662 0.489497 0.489580 0.489520 0.489661 0.489597 0.489923 0.490379 0.490367 
0.333249 0.499620 0.499223 0.500783 0.499971 0.499713 0.499813 0.500008 0.500189 0.499715 
0.341962 0.511560 0.511633 0.512912 0.511058 0.511728 0.511796 0.512351 0.512043 0.511817 
0.341962 0.511560 0.511291 0.512912 0.511058 0.511728 0.511796 0.512351 0.512043 0.511817 
0.354669 0.529388 0.529465 0.529846 0.527997 0.529468 0.530166 0.528433 0.528633 0.528809 
0.341852 0.511909 0.511140 0.512757 0.510915 0.511573 0.511648 0.512192 0.511888 0.511676 
0.380127 0.562247 0.562017 0.565362 0.561365 0.562130 0.561523 0.561428 0.567670 0.561639 
0.388123 0.573631 0.573714 0.574070 0.572551 0.573918 0.574187 0.572980 0.573077 0.573121 
0.396849 0.584413 0.584419 0.589584 0.583562 0.584661 0.584751 0.584153 0.583800 0.584105 
0.417086 0.609418 0.609248 0.609464 0.609099 0.609577 0.609250 0.610067 0.608669 0.608541 
0.417404 0.609808 0.609630 0.609850 0.609495 0.610104 0.609633 0.609162 0.609050 0.608945 
0.421856 0.615312 0.615100 0.615293 0.615118 0.615450 0.615025 0.616175 0.614531 0.615582 
0.428384 0.623593 0.623677 0.623411 0.623714 0.624188 0.623117 0.623941 0.623312 0.622961 
0.440660 0.638012 0.637962 0.637756 0.638114 0.638563 0.637542 0.638514 0.638195 0.637641 
0.449193 0.649193 0.648178 0.648417 0.648592 0.649082 0.647536 0.647392 0.648517 0.648281 
0.451866 0.652289 0.651771 0.651325 0.652448 0.651259 0.650714 0.652996 0.651608 0.651846 
0.449894 0.647520 0.649121 0.649180 0.650253 0.649653 0.648370 0.648862 0.649328 0.649216 
0.451114 0.651343 0.650845 0.650405 0.651501 0.651432 0.649805 0.652038 0.650675 0.650893 
0.485965 0.691224 0.690678 0.692875 0.691256 0.691611 0.690776 0.692293 0.693118 0.691815 
0.495769 0.700833 0.701712 0.703988 0.702268 0.702558 0.701856 0.702335 0.704194 0.702796 
0.505013 0.711517 0.711506 0.712461 0.712051 0.712512 0.711733 0.712084 0.714781 0.712468 
0.531922 0.741488 0.741853 0.742022 0.742361 0.740606 0.741163 0.741374 0.741996 0.741481 
0.531922 0.741488 0.741853 0.742022 0.742361 0.740606 0.741163 0.741374 0.741996 0.741474 
0.534060 0.743436 0.743853 0.744028 0.744302 0.743016 0.741709 0.743745 0.744194 0.743833 
0.545401 0.753705 0.755729 0.755372 0.756571 0.755821 0.756752 0.756329 0.755319 0.756336 
0.557638 0.764832 0.768067 0.767797 0.768297 0.767892 0.769166 0.768361 0.768710 0.768357 
0.579410 0.787506 0.789973 0.789917 0.789069 0.789469 0.788912 0.789599 0.790488 0.789586 
0.581881 0.791607 0.792384 0.792339 0.791380 0.791975 0.791480 0.791621 0.795377 0.792008 
0.588911 0.798931 0.799780 0.799643 0.798635 0.799242 0.798773 0.799328 0.802748 0.799282 
0.600895 0.806644 0.809244 0.808620 0.807835 0.808442 0.807792 0.808324 0.811062 0.808332 
0.668169 0.866890 0.866980 0.867320 0.866844 0.865813 0.867360 0.867432 0.868095 0.867188 
0.672349 0.870173 0.870209 0.870662 0.870081 0.868830 0.870418 0.870435 0.871014 0.870512 
0.675614 0.872613 0.872609 0.873007 0.873049 0.871353 0.872800 0.872687 0.872855 0.872911 
0.669553 0.868057 0.868116 0.868455 0.867925 0.866486 0.868394 0.868492 0.869127 0.868325 
0.672286 0.870111 0.870162 0.870613 0.870032 0.868179 0.870372 0.870392 0.870972 0.870463 
0.671717 0.869825 0.869863 0.870319 0.869731 0.871030 0.870076 0.870092 0.871267 0.870170 
0.684816 0.880927 0.880638 0.880972 0.879840 0.880223 0.879798 0.880177 0.880506 0.880868 
0.696660 0.889057 0.888481 0.888376 0.891038 0.887239 0.888203 0.887369 0.889731 0.888952 
0.709605 0.899172 0.898244 0.897829 0.902103 0.897011 0.897677 0.896399 0.896170 0.898818 
0.719143 0.903031 0.902815 0.904656 0.903553 0.904655 0.902133 0.901139 0.899308 0.903506 
0.749848 0.922776 0.922475 0.923016 0.923901 0.925816 0.927772 0.925636 0.924384 0.923631 
0.752821 0.924421 0.924149 0.924664 0.925575 0.927392 0.921984 0.927216 0.925996 0.925222 
0.761827 0.928599 0.930692 0.927455 0.931222 0.929891 0.929602 0.933593 0.930487 0.930843 
0.793384 0.946871 0.946996 0.947145 0.948408 0.948895 0.945546 0.948771 0.948005 0.946942 
0.811124 0.955554 0.957495 0.955841 0.956693 0.957223 0.954773 0.957168 0.956582 0.954742 
0.813682 0.956528 0.958424 0.956817 0.957632 0.958157 0.955806 0.958109 0.957543 0.952063 
0.830510 0.963643 0.973542 0.964418 0.964616 0.965438 0.963927 0.965478 0.965071 0.964258 
0.881058 0.982236 0.982920 0.982531 0.982588 0.982777 0.982418 0.982402 0.982952 0.982349 
0.880425 0.981949 0.982667 0.982274 0.982138 0.982530 0.982768 0.982664 0.982622 0.981792 
0.880202 0.982744 0.982561 0.982181 0.983766 0.982436 0.982279 0.982349 0.982312 0.980806 
0.890355 0.984721 0.985263 0.985098 0.986342 0.985194 0.984799 0.984513 0.985333 0.984659 
0.907915 0.990068 0.994678 0.989536 0.989368 0.991162 0.988191 0.989908 0.989521 0.989157 
0.930881 0.994703 0.994035 0.994499 0.993693 0.998658 0.994646 0.993643 0.994055 0.994027 
0.941952 0.996686 0.995374 0.996495 0.995166 0.998323 0.994971 0.995031 0.995820 0.995922 
0.960909 0.997318 0.998171 0.997682 0.997887 0.998056 0.999052 0.998390 0.997050 0.998118 
0.980114 0.999315 0.999474 0.999727 0.999857 0.999662 0.999659 0.999537 0.999502 0.999732 
1.000000 1.000000 1.000000 0.000428 0.000000 1.000000 0.999995 1.000000 1.000000 1.000000 
