0.000000 0.340371 0.000302 0.359724 0.998351 0.996523 0.067359 0.959547 0.586718 0.999863 
0.000000 0.000798 0.002431 0.000185 0.999871 0.992573 0.342525 0.017215 0.999966 0.999991 
0.000000 0.582007 0.000087 0.615053 0.997423 0.998949 0.031677 0.993794 0.266220 0.999946 
0.000000 0.003748 0.001000 0.000032 0.999967 0.999909 0.873899 0.003325 0.999990 0.999999 
0.000000 0.000785 0.001200 0.000183 0.999867 0.991773 0.342787 0.016985 0.999967 0.981167 
0.000000 0.000798 0.022245 0.000185 0.999871 0.992573 0.342525 0.017215 0.999966 0.999991 
0.062851 0.098457 0.098641 0.098892 0.099017 0.098949 0.098930 0.098467 0.098763 0.098068 
0.071840 0.112435 0.112645 0.111394 0.112599 0.111934 0.112566 0.112650 0.112673 0.112895 
0.081222 0.126949 0.127222 0.127227 0.126706 0.127271 0.127066 0.127005 0.127031 0.127530 
0.089430 0.139657 0.139910 0.140058 0.139768 0.140080 0.139734 0.139677 0.139753 0.140702 
0.077733 0.121538 0.121794 0.121846 0.121009 0.121893 0.121723 0.121586 0.121663 0.121935 
0.083703 0.130933 0.131191 0.131349 0.131055 0.131399 0.131019 0.130945 0.131736 0.132030 
0.135433 0.210815 0.210925 0.212033 0.209007 0.211169 0.210710 0.210881 0.210025 0.211263 
0.129860 0.202209 0.202335 0.203340 0.200029 0.202575 0.202124 0.202269 0.201922 0.202727 
0.140579 0.218794 0.221358 0.220114 0.220516 0.219171 0.218711 0.218856 0.218267 0.219053 
0.162249 0.252326 0.252355 0.254027 0.254765 0.252722 0.252170 0.252390 0.251548 0.252060 
0.161989 0.251923 0.252138 0.253616 0.254355 0.252317 0.251768 0.251988 0.251148 0.251659 
0.199891 0.309390 0.309667 0.309701 0.307831 0.308678 0.309315 0.309679 0.309688 0.309384 
0.210949 0.325396 0.325718 0.325581 0.325499 0.324738 0.325362 0.325717 0.325639 0.325383 
0.215949 0.332583 0.332742 0.332733 0.332365 0.331777 0.332536 0.332824 0.332792 0.332549 
0.214600 0.330751 0.330868 0.330671 0.330583 0.330156 0.330578 0.330914 0.330152 0.330727 
0.215085 0.331711 0.331217 0.331654 0.331554 0.331134 0.331554 0.331896 0.331131 0.331552 
0.266429 0.404087 0.406174 0.406560 0.406256 0.405796 0.405787 0.406291 0.405394 0.405633 
0.277290 0.421432 0.421990 0.422146 0.421528 0.421719 0.421626 0.422339 0.421226 0.421379 
0.288726 0.437975 0.438613 0.438211 0.438118 0.437706 0.438236 0.438548 0.437840 0.437916 
0.288901 0.438227 0.438867 0.439088 0.438372 0.438677 0.438489 0.438938 0.438094 0.438169 
0.289208 0.438707 0.439314 0.438895 0.438807 0.438396 0.438937 0.440008 0.438541 0.438614 
0.288719 0.437965 0.438605 0.437268 0.438108 0.437693 0.438226 0.438512 0.437827 0.437907 
0.347726 0.521319 0.522944 0.519293 0.520150 0.515485 0.519058 0.520431 0.517375 0.521367 
0.363808 0.541581 0.542721 0.540496 0.540446 0.537020 0.539000 0.542779 0.541377 0.540226 
0.372299 0.552042 0.549736 0.552629 0.552515 0.550538 0.549522 0.552090 0.550387 0.552121 
0.388384 0.573118 0.572415 0.572986 0.572871 0.573535 0.570868 0.573356 0.572680 0.577136 
0.400837 0.589435 0.589971 0.588745 0.588630 0.591338 0.587392 0.589818 0.589938 0.590735 
0.414532 0.605741 0.605274 0.606817 0.606772 0.604439 0.603993 0.603188 0.605780 0.607177 
0.425145 0.619494 0.617815 0.619269 0.618825 0.618438 0.617691 0.621038 0.619538 0.621204 
0.435610 0.632365 0.629766 0.631836 0.632041 0.631874 0.630784 0.629800 0.632506 0.634122 
0.454967 0.654823 0.655028 0.655051 0.657798 0.655037 0.653962 0.654539 0.654830 0.655548 
0.467606 0.670116 0.670609 0.670139 0.668540 0.670813 0.669548 0.670345 0.670111 0.670593 
0.479238 0.683241 0.683294 0.683657 0.683667 0.683955 0.683647 0.684219 0.683090 0.684510 
0.488448 0.694110 0.694049 0.694456 0.694334 0.693929 0.694489 0.694122 0.694234 0.694161 
0.488449 0.694108 0.693726 0.694443 0.694278 0.693974 0.694414 0.694097 0.694125 0.694162 
0.515881 0.725081 0.724540 0.725282 0.723896 0.724687 0.724450 0.724463 0.724424 0.724444 
0.509444 0.716982 0.717766 0.718764 0.717356 0.717984 0.717722 0.717878 0.718096 0.717842 
0.543945 0.752148 0.756337 0.753620 0.752279 0.754505 0.754675 0.752010 0.751325 0.753997 
0.553900 0.763155 0.767968 0.764811 0.763328 0.764688 0.766060 0.763240 0.762243 0.765012 
0.576498 0.785498 0.788327 0.786658 0.785482 0.787807 0.787813 0.786475 0.784012 0.786612 
0.584472 0.795241 0.793455 0.795113 0.790865 0.794365 0.792322 0.793197 0.792815 0.793045 
0.597770 0.809246 0.807399 0.809052 0.804232 0.808273 0.805870 0.806917 0.806466 0.806738 
0.598884 0.809636 0.806916 0.809288 0.805018 0.807881 0.807917 0.806915 0.806500 0.807130 
0.611156 0.819129 0.816921 0.818844 0.817971 0.820426 0.817604 0.816857 0.820869 0.819726 
0.643026 0.845965 0.846809 0.846680 0.845714 0.846751 0.847396 0.846382 0.846934 0.847191 
0.635453 0.840212 0.839815 0.841224 0.841585 0.842040 0.841467 0.840330 0.840755 0.841375 
0.645057 0.847508 0.848685 0.848144 0.849087 0.848014 0.848987 0.848006 0.848591 0.848750 
0.654309 0.854521 0.856126 0.855351 0.856352 0.856865 0.855831 0.855501 0.856877 0.856963 
0.666278 0.864159 0.865522 0.864669 0.865071 0.865474 0.865179 0.866159 0.865638 0.865371 
0.676573 0.872160 0.872440 0.872824 0.872712 0.873636 0.872921 0.874630 0.873783 0.873179 
0.687869 0.880743 0.881585 0.881379 0.880519 0.882095 0.881895 0.882631 0.882613 0.881413 
0.694529 0.885863 0.886773 0.887509 0.885666 0.886851 0.886535 0.888291 0.887575 0.885956 
0.708205 0.900035 0.897522 0.896866 0.895535 0.896507 0.896406 0.897709 0.895468 0.895752 
0.722292 0.906408 0.907059 0.905661 0.905606 0.905522 0.906470 0.905954 0.906806 0.905428 
0.727554 0.910421 0.912364 0.909096 0.909336 0.909456 0.910032 0.909895 0.910763 0.909285 
0.740357 0.917735 0.917678 0.918504 0.917869 0.917157 0.917006 0.918140 0.918214 0.917593 
0.744909 0.922581 0.920732 0.920697 0.920980 0.920740 0.920715 0.921262 0.921980 0.920911 
0.755060 0.926416 0.926580 0.926711 0.926404 0.926062 0.925820 0.926599 0.927256 0.926389 
0.765728 0.933149 0.933098 0.932570 0.933110 0.934988 0.933373 0.933849 0.933086 0.934693 
0.772993 0.937006 0.937439 0.936722 0.936815 0.936924 0.936572 0.936916 0.937461 0.940639 
0.783200 0.943034 0.943619 0.942419 0.942740 0.943107 0.942691 0.942789 0.942881 0.943226 
0.791436 0.946739 0.945610 0.946418 0.946537 0.946552 0.946391 0.947598 0.946750 0.946779 
0.797647 0.949898 0.948658 0.949418 0.949797 0.949376 0.949554 0.949440 0.949731 0.949710 
0.806611 0.954601 0.953028 0.954149 0.954484 0.953417 0.954098 0.955579 0.954406 0.953927 
0.814413 0.958034 0.956562 0.961301 0.958000 0.957731 0.955910 0.957875 0.957789 0.958737 
0.822042 0.962671 0.961602 0.960120 0.961245 0.963078 0.960587 0.960746 0.961117 0.961946 
0.829394 0.964823 0.963803 0.963794 0.963622 0.965209 0.963151 0.963212 0.963539 0.964292 
0.838033 0.968114 0.967556 0.966426 0.967076 0.968841 0.966845 0.966873 0.967607 0.967766 
0.847968 0.972292 0.971968 0.972447 0.971499 0.971900 0.970455 0.970939 0.971475 0.971583 
0.854379 0.973569 0.974434 0.973303 0.973117 0.974204 0.973513 0.973520 0.974263 0.973876 
0.860679 0.975671 0.977051 0.975954 0.975446 0.976270 0.976083 0.976082 0.976828 0.976231 
0.868308 0.979048 0.978518 0.978993 0.977671 0.978548 0.978760 0.978531 0.979501 0.978989 
0.874379 0.980637 0.980301 0.980607 0.979381 0.981086 0.980574 0.980290 0.981079 0.980749 
0.882587 0.982971 0.983004 0.982564 0.982780 0.982955 0.983199 0.982637 0.982940 0.983103 
0.888894 0.984498 0.984982 0.984354 0.985005 0.984913 0.984776 0.984555 0.984413 0.985027 
0.895387 0.986134 0.986470 0.986195 0.985301 0.987169 0.986849 0.986376 0.986540 0.986841 
0.901738 0.987456 0.987607 0.988154 0.987721 0.988065 0.988317 0.988114 0.988942 0.988607 
0.909213 0.991215 0.989031 0.989847 0.989039 0.988980 0.990347 0.990407 0.991279 0.989229 
0.914509 0.990803 0.991321 0.991128 0.990488 0.991998 0.991439 0.991058 0.992136 0.991089 
0.921145 0.992592 0.992312 0.992239 0.991624 0.992833 0.992152 0.992210 0.993104 0.992199 
0.927615 0.994192 0.993417 0.992839 0.993218 0.993269 0.993690 0.993372 0.993308 0.993225 
0.933516 0.995873 0.994157 0.994317 0.993231 0.994427 0.994477 0.994349 0.994916 0.994267 
0.940201 0.995237 0.996527 0.995122 0.995208 0.995530 0.995170 0.995061 0.995626 0.995282 
0.945604 0.995872 0.997868 0.996115 0.996012 0.996462 0.995760 0.995767 0.996674 0.995880 
0.951431 0.997317 0.997251 0.997509 0.997293 0.996755 0.997242 0.997191 0.996858 0.997702 
0.957188 0.997511 0.997490 0.997800 0.997547 0.996972 0.997463 0.997429 0.997079 0.997981 
0.963010 0.998307 0.998327 0.998697 0.998534 0.998984 0.998322 0.998272 0.998796 0.999102 
0.968572 0.998656 0.998644 0.998953 0.998826 0.999344 0.998636 0.998621 0.999991 0.999660 
0.973795 0.999011 0.999035 0.999343 0.999131 0.999978 0.999056 0.999189 0.999864 0.999596 
0.979269 0.999382 0.999444 0.999751 0.999450 0.999934 0.999497 0.999784 0.999731 0.999529 
0.984500 0.999941 0.999624 0.999936 0.999873 0.999951 0.999739 0.999844 0.999860 0.999896 
0.989750 0.999743 0.999882 0.999968 0.999994 0.999891 0.999857 0.999977 1.000000 0.999986 
0.994916 0.999964 0.999982 0.999982 0.999994 0.999964 0.999994 0.999992 1.000000 0.999991 
1.000000 0.999992 1.000000 1.000000 1.000000 0.000127 0.000343 0.999813 0.999998 0.000000 
