0.000000 0.918668 1.000000 0.012687 0.000000 0.987446 0.706921 0.999999 0.987126 0.999816 
0.009020 0.009050 0.005700 0.009661 0.999965 0.014672 0.009619 0.002661 0.008761 0.013488 
0.017226 0.022085 0.019438 0.021811 0.998254 0.021594 0.025959 0.017807 0.023546 0.027576 
0.025002 0.038873 0.032212 0.036533 0.998118 0.038581 0.038256 0.038024 0.044279 0.047444 
0.033899 0.044280 0.046637 0.043558 0.049263 0.032611 0.051943 0.059613 0.047357 0.054474 
0.042838 0.060839 0.061623 0.062346 0.065023 0.052948 0.066543 0.065671 0.068618 0.070304 
0.049498 0.071199 0.082271 0.071190 0.075431 0.065553 0.076986 0.076596 0.061584 0.079155 
0.055115 0.079826 0.090411 0.078646 0.084139 0.076146 0.085640 0.085876 0.081997 0.086460 
0.064365 0.094899 0.121874 0.091298 0.100272 0.091825 0.099768 0.100862 0.100174 0.100766 
0.067596 0.105351 0.095345 0.099276 0.106005 0.102865 0.104506 0.098148 0.102968 0.106242 
0.077017 0.116431 0.123509 0.114708 0.118887 0.120672 0.120200 0.120109 0.101843 0.119488 
0.078337 0.127316 0.122910 0.117029 0.124822 0.125857 0.120740 0.108708 0.121015 0.123266 
0.092424 0.144082 0.130026 0.128352 0.146310 0.148795 0.152895 0.143226 0.144817 0.145115 
0.100811 0.150016 0.156635 0.139302 0.154987 0.162327 0.156042 0.161377 0.159133 0.145890 
0.108977 0.169562 0.170449 0.166733 0.171114 0.181398 0.170621 0.167099 0.170096 0.165937 
0.116511 0.182438 0.183192 0.179734 0.181547 0.200964 0.182520 0.181839 0.181902 0.179044 
0.121577 0.189914 0.189718 0.191684 0.188323 0.195565 0.185576 0.189736 0.188767 0.186876 
0.134112 0.209065 0.209676 0.188954 0.214770 0.210668 0.207391 0.212980 0.206405 0.208694 
0.139126 0.218258 0.216555 0.226435 0.212290 0.215294 0.215209 0.221262 0.214771 0.216037 
0.142072 0.220450 0.220822 0.234581 0.228485 0.217000 0.221250 0.224767 0.219992 0.218797 
0.151655 0.235364 0.235640 0.213255 0.244026 0.237017 0.233504 0.240202 0.232810 0.235019 
0.151740 0.235494 0.235755 0.213687 0.244040 0.237109 0.233640 0.244343 0.232949 0.235595 
0.138861 0.216483 0.216169 0.197499 0.207712 0.215294 0.214786 0.220878 0.214515 0.215616 
0.139107 0.218135 0.216528 0.197225 0.211973 0.215294 0.215180 0.221236 0.214753 0.216008 
0.185268 0.283852 0.283991 0.288718 0.290554 0.306290 0.285115 0.287067 0.284606 0.282224 
0.185955 0.284860 0.284996 0.278378 0.291558 0.282929 0.286132 0.294554 0.285634 0.283232 
0.194341 0.297170 0.297262 0.293952 0.303596 0.297426 0.298518 0.307895 0.298167 0.295554 
0.190779 0.291940 0.292051 0.287336 0.298482 0.291267 0.293256 0.302227 0.292843 0.284420 
0.212771 0.326438 0.324607 0.330348 0.344735 0.324181 0.324937 0.332783 0.324040 0.321697 
0.223421 0.348174 0.344239 0.340886 0.343419 0.346278 0.341847 0.329717 0.326776 0.344638 
0.229668 0.354617 0.360124 0.348421 0.344029 0.340429 0.360943 0.349290 0.353933 0.345770 
0.236184 0.370768 0.369211 0.360020 0.367794 0.366557 0.363424 0.368251 0.347687 0.358008 
0.238970 0.364878 0.360659 0.367673 0.389072 0.363734 0.363354 0.373852 0.363225 0.362527 
0.246741 0.384484 0.388356 0.375629 0.387810 0.380660 0.378342 0.383784 0.365402 0.372614 
0.258394 0.397454 0.394578 0.390035 0.407763 0.396098 0.403892 0.399874 0.387890 0.387521 
0.266208 0.406301 0.403627 0.406931 0.408509 0.401891 0.402864 0.412986 0.402069 0.384872 
0.273257 0.419350 0.415591 0.413849 0.428726 0.416293 0.419499 0.422899 0.409433 0.408372 
0.283262 0.429864 0.434885 0.430775 0.464031 0.430604 0.428302 0.443283 0.429473 0.431554 
0.289025 0.439423 0.437153 0.438148 0.467983 0.437148 0.438093 0.446002 0.436362 0.431119 
0.297317 0.450629 0.448651 0.449641 0.476347 0.449182 0.450906 0.460809 0.449481 0.442996 
0.303864 0.460564 0.466619 0.463041 0.477156 0.461869 0.458402 0.474772 0.459927 0.462957 
0.319834 0.482143 0.477718 0.480148 0.496302 0.481349 0.487124 0.486469 0.478292 0.482010 
0.321426 0.484243 0.480006 0.482371 0.497970 0.483732 0.490032 0.488296 0.481114 0.482593 
0.324621 0.488409 0.484499 0.486714 0.502031 0.487794 0.494253 0.480162 0.484220 0.488062 
0.339922 0.508770 0.507980 0.509769 0.516134 0.507486 0.519760 0.508818 0.504300 0.504483 
0.343517 0.514054 0.513144 0.513099 0.520885 0.511592 0.524965 0.510743 0.507337 0.509921 
0.349486 0.521133 0.520988 0.521946 0.528967 0.524892 0.531518 0.521632 0.532020 0.517717 
0.358361 0.532676 0.533076 0.535162 0.540737 0.535398 0.545642 0.533790 0.537713 0.529987 
0.368780 0.546253 0.547310 0.550890 0.554311 0.547126 0.557363 0.547927 0.539088 0.544426 
0.373415 0.552273 0.553627 0.557494 0.560442 0.553492 0.566826 0.554208 0.544675 0.550840 
0.386341 0.568306 0.567707 0.571622 0.569012 0.568246 0.573169 0.563981 0.540038 0.564994 
0.398351 0.593633 0.584910 0.592871 0.578889 0.580807 0.588797 0.582572 0.587603 0.583339 
0.406818 0.601606 0.595311 0.601114 0.590133 0.591829 0.596117 0.592252 0.593625 0.593162 
0.437266 0.634012 0.633153 0.635239 0.636745 0.630291 0.632694 0.636373 0.629800 0.631394 
0.437016 0.633689 0.632831 0.634926 0.636412 0.629985 0.632402 0.636017 0.628235 0.631067 
0.443674 0.642133 0.643885 0.646023 0.648729 0.640798 0.641116 0.642238 0.639882 0.640604 
0.437266 0.634012 0.633153 0.635239 0.636745 0.630291 0.632694 0.636373 0.629800 0.640886 
0.453050 0.653810 0.665907 0.652654 0.665905 0.655777 0.653091 0.651205 0.653304 0.653837 
0.452953 0.653689 0.658680 0.661143 0.665727 0.655621 0.652966 0.651113 0.653008 0.653721 
0.451711 0.652319 0.657344 0.659547 0.663757 0.653974 0.651678 0.649593 0.651346 0.652154 
0.437016 0.633689 0.632831 0.634926 0.636412 0.629985 0.632402 0.636017 0.628235 0.628290 
0.495487 0.704669 0.700582 0.699368 0.707653 0.700679 0.707943 0.701299 0.715911 0.698730 
0.495463 0.704644 0.700556 0.685086 0.707627 0.700653 0.707925 0.701278 0.715894 0.698704 
0.507809 0.717395 0.714141 0.690541 0.720742 0.714130 0.717169 0.711965 0.724555 0.712387 
0.520450 0.729760 0.725699 0.723253 0.731523 0.726131 0.731325 0.746707 0.714091 0.723386 
0.560050 0.771348 0.771624 0.766710 0.776231 0.771157 0.764423 0.757182 0.761201 0.770285 
0.542108 0.752260 0.749739 0.752437 0.751522 0.750837 0.751647 0.730787 0.710071 0.748145 
0.564442 0.777102 0.776564 0.771365 0.781208 0.776222 0.768739 0.765260 0.765794 0.775574 
0.560870 0.771961 0.772540 0.767463 0.776851 0.772025 0.764938 0.758313 0.761684 0.767916 
0.565580 0.772705 0.781442 0.772570 0.782497 0.777534 0.769856 0.767352 0.766984 0.776944 
0.585589 0.790433 0.800138 0.790168 0.795533 0.798163 0.780452 0.792394 0.788342 0.797955 
0.591435 0.793801 0.806649 0.795829 0.799281 0.804174 0.794809 0.799635 0.794482 0.804073 
0.601015 0.801870 0.815815 0.804257 0.808557 0.814534 0.803193 0.813008 0.810877 0.814936 
0.643189 0.848112 0.847861 0.844896 0.855324 0.850118 0.843819 0.850738 0.842929 0.850083 
0.646750 0.849759 0.848401 0.850992 0.842904 0.848625 0.844428 0.833283 0.844227 0.847530 
0.646967 0.850024 0.848559 0.851146 0.842313 0.848822 0.844613 0.833870 0.844329 0.847724 
0.648226 0.850293 0.848874 0.851471 0.842281 0.849287 0.845920 0.831451 0.853585 0.848998 
0.668482 0.875376 0.865672 0.868429 0.860729 0.870080 0.867364 0.872314 0.860764 0.869926 
0.671436 0.879084 0.869325 0.872115 0.864364 0.873953 0.871030 0.876009 0.864397 0.873623 
0.693070 0.888497 0.885848 0.884547 0.878495 0.896357 0.883004 0.879606 0.891257 0.896563 
0.695724 0.915990 0.887852 0.891420 0.887407 0.895435 0.890677 0.887574 0.899461 0.907139 
0.722200 0.903614 0.892156 0.895771 0.892789 0.903663 0.902853 0.901731 0.906330 0.914664 
0.722200 0.903614 0.892156 0.895771 0.892789 0.903663 0.902853 0.901731 0.906330 0.925159 
0.881612 0.991420 0.983183 0.982893 0.987388 0.983106 0.982956 0.984017 0.983691 0.982402 
0.881630 0.990796 0.983136 0.982994 0.987406 0.983159 0.983362 0.984055 0.983345 0.982043 
0.879867 0.991731 0.981157 0.982523 0.987263 0.982647 0.982420 0.983777 0.983066 0.981325 
0.881572 0.990302 0.983550 0.982953 0.987226 0.982764 0.979403 0.983700 0.980879 0.981966 
0.881740 0.986981 0.982851 0.983001 0.987516 0.983481 0.985847 0.984289 0.981228 0.979846 
0.880430 0.990303 0.979208 0.982666 0.987339 0.982898 0.983451 0.983931 0.982513 0.980880 
0.881961 0.983674 0.981813 0.983024 0.987952 0.984526 0.993152 0.985169 0.983236 0.982693 
0.881508 0.975592 0.983567 0.982983 0.987201 0.982649 0.979953 0.983639 0.979699 0.981800 
0.880212 0.993270 0.982278 0.982603 0.987367 0.982948 0.984156 0.983990 0.983081 0.980695 
0.880212 0.993270 0.982278 0.982603 0.987367 0.982948 0.984202 0.983990 0.983081 0.980695 
0.888217 0.990243 0.990849 0.984295 0.987860 0.984843 0.984984 0.984924 0.980819 0.986477 
0.931999 0.996880 0.994758 0.994431 0.994370 0.998316 0.992697 0.993133 0.996519 0.995700 
0.934012 0.996983 0.994955 0.994641 0.994561 0.999862 0.992988 0.993401 0.996646 0.995870 
0.953210 0.998042 0.997054 0.998718 0.996578 0.999901 0.997021 0.997461 0.997796 0.997408 
0.964766 0.998693 0.998168 0.999899 0.997740 0.999706 0.998549 0.999388 0.998518 0.998381 
0.980905 0.999383 0.999548 0.999537 0.999008 0.999672 0.999778 0.999648 0.999611 0.999822 
1.000000 1.000000 0.999504 0.006525 0.000000 1.000000 0.999521 0.999789 0.999951 0.999993 
