0.000000 0.340371 0.000302 0.359724 0.998351 0.996523 0.067359 0.959547 0.586718 0.999863 
0.000000 0.000798 0.002431 0.000185 0.999871 0.992573 0.342525 0.017215 0.999966 0.999991 
0.000000 0.582007 0.000087 0.615053 0.997423 0.998949 0.031677 0.993794 0.266220 0.999946 
0.000000 0.003748 0.001000 0.000032 0.999967 0.999909 0.873899 0.003325 0.999990 0.999999 
0.000000 0.000785 0.001200 0.000183 0.999867 0.991773 0.342787 0.016985 0.999967 0.981167 
0.000000 0.000798 0.022245 0.000185 0.999871 0.992573 0.342525 0.017215 0.999966 0.999991 
0.062851 0.098457 0.098641 0.098892 0.099017 0.098949 0.098930 0.098467 0.098763 0.098068 
0.069980 0.109434 0.109887 0.109663 0.109476 0.109867 0.109744 0.109641 0.109798 0.110260 
0.085564 0.133655 0.133909 0.134027 0.133826 0.133966 0.133837 0.133758 0.133915 0.133543 
0.098467 0.153555 0.153779 0.154143 0.154098 0.153936 0.153994 0.154365 0.154474 0.153808 
0.107565 0.167590 0.167790 0.168338 0.168390 0.168017 0.168203 0.167679 0.168959 0.167671 
0.104948 0.163600 0.163801 0.164306 0.164074 0.163932 0.163662 0.163689 0.163755 0.163496 
0.134125 0.208656 0.208779 0.209864 0.209719 0.209063 0.208801 0.208725 0.209236 0.208649 
0.145512 0.226457 0.226529 0.227857 0.228489 0.226820 0.226331 0.226606 0.226508 0.226340 
0.157184 0.244310 0.244366 0.245917 0.245600 0.244699 0.244047 0.244362 0.244181 0.244226 
0.162035 0.251725 0.251776 0.253419 0.252457 0.252126 0.251795 0.251735 0.251565 0.251658 
0.162035 0.252105 0.251776 0.253419 0.252457 0.252126 0.251795 0.251735 0.251565 0.251658 
0.198423 0.307264 0.307535 0.307567 0.305673 0.305909 0.307183 0.307541 0.307571 0.307176 
0.210949 0.325396 0.325454 0.325581 0.325499 0.324738 0.325362 0.325717 0.325639 0.325383 
0.216480 0.333347 0.333489 0.333494 0.333096 0.333148 0.333299 0.333580 0.333552 0.333311 
0.228964 0.351689 0.351690 0.351898 0.351593 0.351727 0.351476 0.351882 0.351532 0.353222 
0.247940 0.379719 0.379862 0.379943 0.379772 0.377806 0.379616 0.379954 0.379540 0.381066 
0.265226 0.404579 0.404424 0.404805 0.404506 0.404969 0.405435 0.404544 0.403665 0.403893 
0.277807 0.422180 0.422741 0.422875 0.422278 0.422445 0.422321 0.423060 0.421977 0.422127 
0.291772 0.442384 0.443044 0.442702 0.442529 0.442523 0.442530 0.442834 0.442235 0.442323 
0.290660 0.440738 0.441400 0.441050 0.440886 0.440633 0.440643 0.441077 0.440606 0.440614 
0.288748 0.438006 0.438644 0.438319 0.438149 0.437826 0.438148 0.438320 0.437872 0.437948 
0.291783 0.442400 0.443060 0.442718 0.442545 0.442542 0.442548 0.441631 0.442250 0.442339 
0.347014 0.520618 0.517496 0.518375 0.519292 0.515384 0.517979 0.519497 0.518697 0.519804 
0.359459 0.535695 0.534051 0.534836 0.535434 0.532939 0.533901 0.535519 0.535227 0.535384 
0.375326 0.556536 0.556395 0.555902 0.556056 0.556820 0.553056 0.555971 0.555902 0.555207 
0.387314 0.571821 0.571109 0.571682 0.571566 0.572234 0.569539 0.571381 0.571379 0.570257 
0.396057 0.583230 0.581675 0.582654 0.582563 0.583018 0.582592 0.582849 0.582145 0.582234 
0.413862 0.604800 0.603530 0.604885 0.604720 0.604996 0.604993 0.605857 0.605967 0.606042 
0.431724 0.626680 0.626703 0.626934 0.627755 0.627153 0.627038 0.627437 0.627591 0.627844 
0.439028 0.635643 0.636078 0.635923 0.636755 0.636030 0.636625 0.636671 0.637686 0.637180 
0.454781 0.654598 0.654799 0.654829 0.657598 0.654805 0.653732 0.654499 0.654605 0.655327 
0.467606 0.670116 0.670609 0.670139 0.668540 0.670813 0.669548 0.670345 0.670111 0.670593 
0.479238 0.683241 0.683294 0.683657 0.683667 0.683955 0.683647 0.684219 0.683090 0.684510 
0.492637 0.698846 0.698674 0.699302 0.698909 0.699383 0.699100 0.699139 0.698959 0.698886 
0.504919 0.712687 0.712355 0.714375 0.712088 0.712734 0.712485 0.712498 0.712646 0.712368 
0.516741 0.726009 0.725523 0.724975 0.724775 0.725585 0.725368 0.725357 0.725370 0.725345 
0.526211 0.734592 0.735932 0.734765 0.735723 0.735788 0.735563 0.735541 0.735653 0.735633 
0.538203 0.747060 0.748338 0.747292 0.747782 0.748373 0.748218 0.749851 0.747630 0.747934 
0.553585 0.762725 0.765396 0.764122 0.762770 0.764080 0.765186 0.763708 0.763659 0.764349 
0.563911 0.773053 0.774144 0.774625 0.773306 0.774793 0.776059 0.774815 0.774859 0.774239 
0.579097 0.788605 0.790164 0.789098 0.788018 0.790464 0.790205 0.788966 0.787598 0.789012 
0.588015 0.797890 0.798911 0.797906 0.796839 0.799685 0.799036 0.797828 0.795679 0.797702 
0.598226 0.807339 0.809082 0.807285 0.806370 0.807058 0.806932 0.805994 0.807663 0.807787 
0.610861 0.818477 0.819841 0.818442 0.817453 0.818771 0.817196 0.816647 0.817902 0.819113 
0.624414 0.830360 0.831554 0.830818 0.831825 0.831140 0.830501 0.831256 0.830647 0.832499 
0.635007 0.839961 0.840933 0.840014 0.840698 0.840662 0.840380 0.840162 0.839884 0.841274 
0.643629 0.847149 0.847703 0.847110 0.847498 0.847715 0.847275 0.847112 0.847151 0.847716 
0.657800 0.859837 0.859073 0.858400 0.859220 0.858989 0.859189 0.858676 0.859531 0.859041 
0.663277 0.863529 0.863130 0.863280 0.862995 0.863786 0.862989 0.862952 0.863713 0.862779 
0.678090 0.875301 0.874283 0.874590 0.874563 0.875309 0.874639 0.876308 0.875368 0.874825 
0.687147 0.880846 0.881723 0.881432 0.880636 0.882122 0.881965 0.882645 0.881875 0.881481 
0.697047 0.888069 0.888707 0.888071 0.888515 0.888442 0.888607 0.888783 0.888770 0.887959 
0.705207 0.893998 0.894657 0.894106 0.894781 0.894143 0.894552 0.894624 0.894693 0.893788 
0.719048 0.904032 0.904631 0.903296 0.903260 0.903178 0.904091 0.903607 0.904416 0.903100 
0.727554 0.910421 0.911170 0.909096 0.909336 0.909456 0.910032 0.909895 0.910763 0.909285 
0.737352 0.916028 0.916034 0.916861 0.916182 0.915610 0.915277 0.916407 0.916534 0.915875 
0.745111 0.920363 0.920851 0.920818 0.921088 0.920846 0.920817 0.921370 0.922085 0.921020 
0.753551 0.925613 0.925818 0.925832 0.925601 0.925257 0.925055 0.925910 0.926480 0.925567 
0.767559 0.934110 0.934000 0.933536 0.934067 0.933474 0.934301 0.934743 0.934040 0.935554 
0.773695 0.937702 0.937080 0.937139 0.937551 0.938056 0.937712 0.937956 0.937627 0.938572 
0.781012 0.941772 0.940588 0.941227 0.941506 0.941814 0.941323 0.941575 0.941687 0.941968 
0.791843 0.946948 0.945818 0.946618 0.946750 0.946843 0.947033 0.947733 0.946949 0.946971 
0.797657 0.949902 0.948831 0.949423 0.949802 0.949381 0.949559 0.949445 0.949736 0.949715 
0.807637 0.955139 0.953749 0.954691 0.955020 0.953879 0.954618 0.954273 0.954941 0.954410 
0.816183 0.959895 0.958334 0.957767 0.959742 0.958533 0.959401 0.958878 0.959610 0.959096 
0.822313 0.961447 0.961750 0.960222 0.961363 0.963251 0.960700 0.960868 0.961233 0.962088 
0.831047 0.966161 0.965292 0.965220 0.965159 0.964839 0.964606 0.964702 0.965805 0.965751 
0.837804 0.968373 0.967617 0.967499 0.967469 0.968755 0.967054 0.967057 0.967308 0.967990 
0.847598 0.972218 0.971705 0.972397 0.971406 0.971767 0.971854 0.970790 0.971314 0.971451 
0.854525 0.973532 0.974465 0.973262 0.974565 0.974172 0.973801 0.973915 0.974260 0.973829 
0.860263 0.975530 0.976222 0.975589 0.975133 0.976029 0.975534 0.975422 0.976073 0.975801 
0.867240 0.978668 0.978083 0.978646 0.977175 0.978120 0.978330 0.978133 0.978315 0.978589 
0.874379 0.980637 0.980301 0.980607 0.979381 0.981086 0.980574 0.980290 0.981040 0.980749 
0.882587 0.982971 0.983004 0.982564 0.982780 0.982955 0.983199 0.982637 0.982940 0.983103 
0.888719 0.984456 0.984927 0.984305 0.984943 0.984859 0.984732 0.984502 0.984372 0.985125 
0.895133 0.986067 0.986395 0.986310 0.985229 0.987088 0.986773 0.986302 0.986466 0.986767 
0.901738 0.987456 0.987607 0.988154 0.987721 0.988065 0.988317 0.988114 0.988942 0.988607 
0.909111 0.991199 0.989006 0.989827 0.989015 0.988956 0.990328 0.989519 0.991268 0.989207 
0.914989 0.990928 0.989598 0.991190 0.990588 0.992045 0.991522 0.991143 0.990671 0.991167 
0.921145 0.992592 0.992312 0.992239 0.991624 0.992833 0.992152 0.992210 0.993104 0.992199 
0.927615 0.994192 0.993417 0.993436 0.993218 0.993269 0.993690 0.993372 0.993308 0.993225 
0.933646 0.995657 0.994179 0.994340 0.993261 0.994444 0.994496 0.994370 0.994930 0.994291 
0.939492 0.995355 0.996606 0.995254 0.995331 0.995669 0.995292 0.995191 0.995759 0.995417 
0.945520 0.996102 0.995998 0.996126 0.995762 0.996531 0.996061 0.995972 0.996547 0.996353 
0.951298 0.997446 0.997230 0.997486 0.997268 0.996737 0.997174 0.997169 0.996842 0.997678 
0.957128 0.997842 0.997481 0.997790 0.997537 0.996951 0.997454 0.997420 0.997062 0.997969 
0.963010 0.998307 0.998327 0.998697 0.998534 0.998984 0.998322 0.998272 0.998796 0.999102 
0.968449 0.998649 0.998637 0.998947 0.998819 0.999336 0.998629 0.998614 0.999991 0.999648 
0.973795 0.999011 0.999035 0.999343 0.999131 0.999978 0.999056 0.999189 0.999864 0.999596 
0.979237 0.999379 0.999443 0.999750 0.999448 0.999972 0.999496 0.999420 0.999730 0.999526 
0.984500 0.999941 0.999624 0.999936 0.999873 0.999951 0.999739 0.999844 0.999860 0.999896 
0.989750 0.999889 0.999882 0.999968 0.999994 0.999891 0.999857 0.999977 1.000000 0.999986 
0.994913 0.999964 0.999981 0.999998 0.999994 0.999964 0.999999 0.999992 1.000000 0.999991 
1.000000 0.999992 1.000000 1.000000 1.000000 0.000127 0.000044 0.999993 0.999998 0.000000 
