1.000000 0.000000 1.000000 1.000000 1.000000 1.000000 0.000000 1.000000 1.000000 1.000000 
1.000000 0.000000 1.000000 1.000000 1.000000 1.000000 0.000000 1.000000 1.000000 1.000000 
1.000000 0.000000 1.000000 1.000000 1.000000 1.000000 0.000000 1.000000 1.000000 1.000000 
1.000000 0.000000 1.000000 1.000000 1.000000 1.000000 0.000000 1.000000 1.000000 1.000000 
1.000000 0.000000 1.000000 1.000000 1.000000 1.000000 0.000000 1.000000 1.000000 1.000000 
1.000000 0.000000 1.000000 1.000000 1.000000 1.000000 0.000000 1.000000 1.000000 1.000000 
0.960220 0.000531 0.998202 0.999080 0.998457 0.998861 0.000001 0.999836 0.997840 0.997069 
0.956841 0.000082 0.998258 0.997735 0.998194 0.998311 0.000019 0.998277 0.997262 0.997105 
0.956770 0.000163 0.998260 0.997676 0.998273 0.998305 0.000020 0.998309 0.997232 0.997106 
0.958198 0.001740 0.998231 0.999099 0.998163 0.998459 0.000000 0.997589 0.997771 0.997091 
0.957469 0.000141 0.998245 0.998979 0.997627 0.998355 0.000000 0.997711 0.997535 0.998916 
0.958038 0.001990 0.998232 0.998728 0.996851 0.998413 0.000000 0.997722 0.997766 0.997093 
0.958203 0.001733 0.998231 0.999110 0.998202 0.998460 0.000000 0.997585 0.997771 0.996999 
0.958038 0.004692 0.998232 0.998728 0.996851 0.998413 0.000000 0.997722 0.997766 0.997093 
0.958098 0.001896 0.998232 0.998867 0.997345 0.998430 0.000000 0.997672 0.997768 0.999032 
0.957034 0.000524 0.998254 0.999172 0.998221 0.998311 0.000001 0.997703 0.997359 0.997103 
0.958131 0.005079 0.998230 0.998686 0.999116 0.998422 0.000000 0.997724 0.997803 0.997092 
0.871137 0.980101 0.000014 0.975693 0.000002 0.979941 0.000039 0.975160 0.974358 0.976241 
0.860736 0.981158 0.000030 0.975693 0.000010 0.975147 0.000044 0.975160 0.974358 0.976241 
0.857911 0.978382 0.000000 0.976169 0.000000 0.975992 0.000000 0.975160 0.975180 0.976494 
0.858742 0.979127 0.000004 0.976063 0.000003 0.975765 0.000003 0.975160 0.974981 0.976435 
0.857990 0.979794 0.000002 0.975520 0.000000 0.975563 0.000004 0.975160 0.974358 0.975007 
0.858983 0.979372 0.000005 0.976018 0.000004 0.975691 0.000017 0.975160 0.974906 0.976412 
0.857907 0.978276 0.000000 0.976218 0.000000 0.976024 0.000000 0.975160 0.975242 0.976517 
0.857915 0.978435 0.000000 0.976178 0.000000 0.975976 0.000000 0.975160 0.975158 0.976486 
0.857915 0.978521 0.000000 0.976105 0.000000 0.975950 0.000000 0.975160 0.975098 0.976465 
0.857915 0.978521 0.000000 0.976105 0.000000 0.975950 0.000001 0.975160 0.975098 0.976465 
0.857915 0.978521 0.000000 0.976105 0.000000 0.975950 0.000001 0.975160 0.975098 0.976465 
0.755085 0.021432 0.005042 0.928958 0.002593 0.925425 0.017426 0.927009 0.924568 0.929536 
0.752936 0.004527 0.000895 0.929727 0.002212 0.926436 0.002606 0.927926 0.925598 0.930347 
0.754232 0.022471 0.024965 0.928980 0.002567 0.925452 0.017040 0.927034 0.926036 0.929556 
0.752932 0.000246 0.002816 0.929721 0.001767 0.926432 0.007116 0.927923 0.925595 0.930345 
0.752456 0.023118 0.000984 0.929134 0.002031 0.926107 0.000311 0.927628 0.925263 0.930083 
0.749188 0.017638 0.003676 0.925097 0.003845 0.923873 0.032814 0.925601 0.922985 0.928285 
0.752456 0.023118 0.002926 0.929134 0.002031 0.926107 0.000311 0.927628 0.925263 0.930083 
0.752287 0.031245 0.000654 0.928925 0.002125 0.925992 0.000561 0.927523 0.925145 0.929990 
0.671137 0.000512 0.889265 0.026127 0.043178 0.871858 0.868218 0.873828 0.870618 0.877060 
0.646150 0.001163 0.851755 0.024546 0.008907 0.850754 0.856580 0.852623 0.850053 0.855194 
0.646150 0.030173 0.851755 0.024546 0.008907 0.850754 0.856580 0.852623 0.850053 0.855194 
0.636218 0.001272 0.851941 0.008737 0.005108 0.840000 0.838236 0.841754 0.839163 0.843822 
0.581211 0.000984 0.793147 0.015810 0.793986 0.789817 0.791008 0.791231 0.789614 0.791464 
0.581238 0.020580 0.793178 0.006662 0.794475 0.789941 0.791037 0.791257 0.789640 0.791491 
0.581165 0.018082 0.793091 0.029260 0.793278 0.789933 0.790957 0.791184 0.789566 0.791414 
0.580518 0.000266 0.792323 0.030043 0.786092 0.789685 0.790225 0.790142 0.788875 0.790706 
0.580646 0.000245 0.792473 0.032376 0.784726 0.789878 0.790389 0.790669 0.789043 0.790867 
0.581017 0.000178 0.792915 0.082655 0.790830 0.789487 0.790795 0.791038 0.789417 0.791258 
0.581177 0.012515 0.793104 0.069203 0.792337 0.789782 0.790977 0.791209 0.789591 0.791435 
0.581212 0.000264 0.793147 0.072395 0.794015 0.789810 0.791009 0.791232 0.792463 0.791464 
0.581211 0.000017 0.793146 0.072559 0.793978 0.789803 0.791008 0.791231 0.789614 0.791463 
0.581213 0.000518 0.793148 0.072227 0.794053 0.789818 0.791010 0.791232 0.789615 0.791465 
0.373924 0.556236 0.553227 0.554033 0.554483 0.553626 0.555613 0.554671 0.553755 0.552816 
0.373763 0.554817 0.552657 0.556737 0.554338 0.553604 0.553867 0.554503 0.553614 0.552900 
0.373945 0.552275 0.554260 0.556711 0.554421 0.553646 0.554544 0.554650 0.552402 0.553828 
0.374042 0.553332 0.553137 0.556859 0.554459 0.553665 0.554943 0.554503 0.553012 0.552821 
0.373911 0.556656 0.552854 0.553776 0.552544 0.553622 0.555576 0.554675 0.553473 0.552817 
0.373881 0.554154 0.553235 0.553480 0.554486 0.553608 0.555891 0.554664 0.549884 0.552814 
0.373922 0.556103 0.557782 0.553998 0.554483 0.553625 0.555630 0.554671 0.553509 0.552816 
0.373821 0.553560 0.556703 0.556737 0.554364 0.553618 0.554066 0.554572 0.551496 0.552884 
0.373826 0.553685 0.556756 0.556603 0.554370 0.553618 0.554143 0.554577 0.551594 0.555413 
0.374021 0.551386 0.553109 0.556779 0.554453 0.553664 0.554797 0.554696 0.552912 0.552828 
0.374024 0.551301 0.553112 0.556790 0.554454 0.553664 0.554816 0.554671 0.552925 0.552827 
0.350813 0.530677 0.522329 0.526650 0.520641 0.522588 0.525339 0.523972 0.519303 0.522984 
0.348868 0.527886 0.519611 0.524146 0.517826 0.519895 0.518701 0.521151 0.516547 0.520293 
0.296953 0.453061 0.446992 0.452529 0.442262 0.448151 0.450503 0.445776 0.442859 0.448869 
0.297308 0.453532 0.447480 0.452456 0.442729 0.455820 0.451043 0.446283 0.443347 0.449404 
0.293731 0.448786 0.442569 0.453187 0.438027 0.443567 0.445607 0.441176 0.438430 0.444021 
0.240209 0.377635 0.369062 0.373028 0.367636 0.369236 0.365130 0.364762 0.364996 0.371934 
0.238333 0.377702 0.369132 0.373121 0.367704 0.369307 0.365222 0.364822 0.365070 0.372005 
0.251049 0.393340 0.383919 0.370631 0.382811 0.387386 0.387675 0.380176 0.382212 0.387332 
0.240209 0.377635 0.377228 0.373028 0.367636 0.369236 0.365130 0.364762 0.364996 0.371934 
0.247728 0.388797 0.379336 0.393624 0.378169 0.382913 0.383428 0.375458 0.377675 0.382843 
0.237448 0.373957 0.365269 0.380594 0.363780 0.362819 0.360378 0.360843 0.360942 0.359587 
0.128589 0.200564 0.201042 0.219806 0.199169 0.999972 0.199772 0.201768 0.200405 0.201691 
0.128589 0.200564 0.201047 0.175111 0.199169 0.999988 0.199771 0.201768 0.200377 0.201691 
0.128589 0.200564 0.201050 0.999773 0.199170 0.999977 0.200822 0.201768 0.200364 0.201691 
0.128589 0.200564 0.201050 0.999446 0.199170 0.999977 0.200822 0.201768 0.200364 0.201691 
0.128589 0.200564 0.200982 0.999913 0.199163 0.999958 0.199781 0.201768 0.200729 0.201691 
0.128589 0.200564 0.200982 0.999822 0.199163 0.999958 0.199781 0.201768 0.200729 0.201691 
0.128589 0.200564 0.201032 0.999992 0.199168 0.999984 0.199773 0.201768 0.200461 0.201691 
0.128589 0.200564 0.201035 0.999986 0.199168 0.999994 0.199773 0.201768 0.200446 0.201691 
0.128589 0.200564 0.201034 0.999996 0.199168 0.999966 0.199773 0.201768 0.200447 0.201691 
0.128589 0.200564 0.201034 0.999987 0.199168 0.999966 0.199773 0.201768 0.200447 0.201691 
0.128589 0.200564 0.200953 0.999998 0.199161 0.999951 0.199786 0.201768 0.200885 0.201691 
0.039645 0.060471 0.061284 0.061814 0.069855 0.059814 0.998930 0.061327 0.061804 0.061480 
0.039645 0.060471 0.061284 0.061814 0.049058 0.059814 0.998925 0.061327 0.061805 0.061479 
0.039645 0.060471 0.070750 0.061814 0.067982 0.059814 0.999900 0.061327 0.061804 0.061480 
0.039645 0.060485 0.061701 0.061767 0.999998 0.061010 0.999018 0.062433 0.062997 0.060644 
0.039645 0.060485 0.061701 0.061767 1.000000 0.061010 0.999018 0.062509 0.062997 0.060644 
0.039645 0.060481 0.061442 0.061780 0.999990 0.060239 0.999842 0.061328 0.062393 0.061320 
0.039645 0.060479 0.061345 0.061785 0.999986 0.059953 0.999698 0.061328 0.062170 0.061569 
0.039645 0.060479 0.061327 0.061787 0.999999 0.059872 0.999932 0.061328 0.062107 0.061646 
0.039645 0.060479 0.061388 0.061787 0.999992 0.060017 0.999410 0.061328 0.062289 0.061320 
0.039645 0.060479 0.061388 0.061787 0.999912 0.060017 0.999410 0.061328 0.062289 0.061320 
0.039645 0.060485 0.061709 0.061767 1.000000 0.061031 0.999581 0.061329 0.063013 0.060626 
0.000000 0.976946 0.001457 0.000042 1.000000 0.999440 0.043159 0.866746 0.000001 0.998874 
0.000000 0.999190 0.007015 0.000007 0.856621 0.999845 0.255755 0.999988 0.000001 0.999591 
0.000000 0.996014 0.001906 0.000001 0.847730 0.999961 0.198022 0.999998 0.000000 0.999945 
0.000000 0.976946 0.001457 0.000042 1.000000 0.999440 0.043159 0.866746 0.635675 0.998874 
0.000000 0.999044 0.002608 0.376468 0.830700 0.999939 0.294653 0.999986 0.000001 0.817927 
0.000000 0.999850 0.000717 0.000000 0.938263 0.999991 0.067290 1.000000 0.165495 0.999998 
