0.000210 0.178996 0.987546 0.200536 0.000107 0.993007 0.955528 0.996223 0.975916 0.980995 
0.002900 0.994897 0.031436 0.983524 0.007109 0.015246 0.007583 0.060502 0.987910 0.037998 
0.010076 0.020725 0.208996 0.088041 0.938871 0.169036 0.997216 0.043122 0.268478 0.000832 
0.009769 0.199171 0.018933 0.000356 0.743554 0.969919 0.386674 0.553547 0.000003 0.892991 
0.007936 0.367214 0.064615 0.005361 0.597947 0.974638 0.510952 0.637705 0.021570 0.915489 
0.017527 0.833817 0.954586 0.987184 0.829892 0.067940 0.240223 0.587434 0.991118 0.025365 
0.050426 0.055075 0.198099 0.996131 0.885316 0.765590 0.568760 0.999813 0.873392 0.271444 
0.053883 0.974534 0.297091 0.838348 0.021930 0.038363 0.047734 0.222656 0.944853 0.083637 
0.054062 0.299153 0.979236 0.999973 0.996426 0.124534 0.334577 0.999776 0.999604 0.149366 
0.054670 0.739822 0.967591 0.998786 0.992308 0.140705 0.337042 0.997293 0.997591 0.032276 
0.057182 0.744816 0.955878 0.993294 0.964810 0.195130 0.345282 0.991480 0.989526 0.092981 
0.064550 0.606437 0.786734 0.999996 0.999576 0.054166 0.207097 0.999890 0.999968 0.026593 
0.082563 0.489272 0.922417 0.367344 0.180093 0.091541 0.193487 0.182724 0.004400 0.093126 
0.052546 0.239054 0.254032 0.988052 0.534032 0.467385 0.357995 0.959350 0.879903 0.051865 
0.074227 0.870988 0.293869 0.985017 0.322771 0.077707 0.117785 0.516523 0.900673 0.040662 
0.072655 0.074966 0.939475 0.565960 0.954819 0.786884 0.210003 0.271157 0.000824 0.128009 
0.072777 0.121446 0.518716 0.035479 0.975164 0.581127 0.823839 0.192091 0.215167 0.040667 
0.132502 0.722896 0.156808 0.134462 0.564935 0.290455 0.583759 0.406892 0.566647 0.873129 
0.136606 0.854359 0.838307 0.837094 0.727325 0.179193 0.333974 0.514896 0.988005 0.121216 
0.144333 0.716356 0.857083 0.343181 0.569437 0.546578 0.498126 0.311082 0.091181 0.213738 
0.147600 0.745974 0.188849 0.935371 0.779071 0.972754 0.996895 0.298572 0.986981 0.968009 
0.149243 0.213346 0.968062 0.986508 0.825145 0.778218 0.575426 0.876870 0.791124 0.227173 
0.134919 0.704217 0.158359 0.138702 0.576091 0.300473 0.548758 0.393970 0.551710 0.871108 
0.176092 0.271975 0.196842 0.128570 0.808356 0.563643 0.999771 0.033223 0.249773 0.996211 
0.182719 0.354919 0.108008 0.213266 0.188498 0.533714 0.998935 0.152756 0.288299 0.879877 
0.178201 0.285822 0.525746 0.253485 0.462624 0.332499 0.600504 0.102662 0.150365 0.630671 
0.181849 0.341610 0.188470 0.221013 0.792670 0.494957 0.996781 0.143107 0.261731 0.831877 
0.206976 0.363084 0.508240 0.000458 0.142760 0.305791 0.394464 0.997826 0.335511 0.935558 
0.212833 0.330782 0.531677 0.010803 0.190831 0.381297 0.381570 0.992058 0.291705 0.856244 
0.220374 0.369752 0.013655 0.341240 0.814817 0.341207 0.684168 0.583112 0.330822 0.576451 
0.219177 0.369434 0.025829 0.341944 0.816508 0.341935 0.685065 0.582101 0.330506 0.576913 
0.252371 0.576562 0.441019 0.133171 0.535138 0.356720 0.544300 0.447960 0.371687 0.367479 
0.249257 0.444460 0.366780 0.278256 0.612197 0.436506 0.938495 0.254548 0.424389 0.854942 
0.255903 0.335017 0.113985 0.343803 0.760107 0.398834 0.605341 0.637169 0.427032 0.520194 
0.225615 0.209404 0.690182 0.359749 0.516130 0.600116 0.311102 0.199767 0.102308 0.168303 
0.261694 0.380738 0.053923 0.316937 0.756419 0.316069 0.653184 0.618038 0.341728 0.560504 
0.223527 0.271804 0.574469 0.029689 0.278598 0.513425 0.358027 0.879215 0.211724 0.561126 
0.221435 0.187594 0.350497 0.947900 0.680370 0.479436 0.281829 0.937653 0.628525 0.393941 
0.221369 0.188699 0.351895 0.940668 0.676592 0.478678 0.282598 0.938073 0.638466 0.397508 
0.307623 0.173343 0.054919 0.548579 0.257808 0.603001 0.265778 0.421932 0.522817 0.505754 
0.304784 0.461478 0.448361 0.438702 0.067254 0.739849 0.229029 0.144272 0.184840 0.123630 
0.321332 0.475137 0.346343 0.300727 0.991974 0.542902 0.732625 0.361473 0.543923 0.608259 
0.326309 0.452942 0.375337 0.171999 0.689262 0.456575 0.670039 0.288416 0.402913 0.654958 
0.308998 0.843201 0.569962 0.377917 0.392474 0.499825 0.477577 0.985948 0.852296 0.079148 
0.316671 0.775980 0.522522 0.370768 0.394967 0.517457 0.400655 0.889204 0.785959 0.195408 
0.318038 0.772987 0.522321 0.372404 0.393493 0.518018 0.401547 0.886983 0.786870 0.114407 
0.310162 0.512051 0.262416 0.670059 0.510861 0.755529 0.854087 0.594383 0.907912 0.448341 
0.356260 0.476111 0.320888 0.349097 0.397800 0.594940 0.080082 0.468543 0.141244 0.263486 
0.356260 0.476111 0.320888 0.349097 0.397800 0.594940 0.080082 0.468543 0.141244 0.263486 
0.376890 0.653423 0.707478 0.385251 0.259274 0.325598 0.812131 0.476312 0.636472 0.276785 
0.388072 0.661936 0.600829 0.468320 0.052401 0.610069 0.698290 0.553495 0.903287 0.769716 
0.402605 0.161386 0.459748 0.656995 0.354085 0.549995 0.439604 0.735991 0.817826 0.687638 
0.411583 0.392104 0.218414 0.725165 0.840701 0.573473 0.256770 0.678280 0.597925 0.301966 
0.409516 0.015943 0.982799 0.630203 0.499562 0.503217 0.768829 0.093114 0.920409 0.650029 
0.430130 0.198311 0.710526 0.515568 0.307844 0.586889 0.581854 0.386951 0.809373 0.426180 
0.453471 0.369793 0.568687 0.537479 0.258797 0.581021 0.405777 0.568459 0.860296 0.664407 
0.441963 0.837091 0.275393 0.387526 0.155864 0.688607 0.506108 0.724174 0.655549 0.465308 
0.466036 0.448763 0.510954 0.573938 0.236709 0.566465 0.470842 0.660542 0.879124 0.731128 
0.465547 0.458509 0.495307 0.548814 0.233423 0.577986 0.495083 0.662361 0.886641 0.787652 
0.465547 0.458509 0.495307 0.548814 0.233423 0.577986 0.495083 0.662361 0.886641 0.787652 
0.476381 0.949269 0.000619 0.621253 0.099783 0.712985 0.818897 0.872467 0.665356 0.201417 
0.528437 0.737245 0.260646 0.690857 0.462819 0.764387 0.583852 0.858684 0.537058 0.797930 
0.560327 0.783430 0.419431 0.680594 0.720163 0.998566 0.040259 0.732097 0.795881 0.628068 
0.543623 0.732933 0.442464 0.656075 0.717806 0.962530 0.048313 0.737978 0.712117 0.294889 
0.518375 0.826938 0.868741 0.374412 0.846442 0.639741 0.737813 0.583863 0.081159 0.859827 
0.557541 0.941599 0.686358 0.745499 0.185702 0.769135 0.733757 0.394085 0.939291 0.984129 
0.562544 0.723711 0.434721 0.678901 0.742460 0.995487 0.045953 0.741329 0.727684 0.300221 
0.575869 0.768069 0.030375 0.464601 0.033347 0.689372 0.097395 0.620994 0.798897 0.888724 
0.586149 0.790225 0.114830 0.366736 0.024987 0.743492 0.231537 0.874602 0.805930 0.996543 
0.582643 0.780620 0.037405 0.103393 0.344267 0.190540 0.876416 0.458436 0.083218 0.792983 
0.577215 0.008304 0.931719 0.933603 0.998546 0.248157 0.025065 0.820881 0.009002 0.680205 
0.586087 0.089711 0.597040 0.660931 0.979180 0.214385 0.106398 0.839341 0.003670 0.829753 
0.714246 0.993674 0.009168 0.892799 0.060987 0.912131 0.965498 0.007015 0.003808 0.154078 
0.724715 0.025645 0.999634 0.995785 0.970633 0.908817 0.289012 0.998156 0.900941 0.030320 
0.714133 0.987940 0.916192 0.921431 0.035587 0.997418 0.920449 0.402853 0.977531 0.994001 
0.638940 0.827201 0.857481 0.162121 0.846758 0.640019 0.738107 0.583774 0.080842 0.860117 
0.648269 0.804502 0.011307 0.854178 0.928497 0.870207 0.676889 0.963772 0.739481 0.200967 
0.707496 0.840608 0.885972 0.834197 0.013836 0.808876 0.714697 0.129235 0.222414 0.858714 
0.651115 0.978598 0.000288 0.882534 0.913525 0.949918 0.814778 0.977588 0.715145 0.063327 
0.687970 0.813257 0.218823 0.654656 0.120895 0.879677 0.776337 0.804035 0.942254 0.501981 
0.710301 0.757359 0.959971 0.069819 0.779042 0.468440 0.097670 0.969081 0.783447 0.203147 
0.714754 0.256942 0.915881 0.545215 0.160406 0.037645 0.100023 0.777363 0.767491 0.232056 
0.717136 0.257424 0.919558 0.546210 0.157158 0.049775 0.095698 0.779410 0.770852 0.231925 
0.854114 0.998452 0.004421 0.993539 0.005149 0.976991 0.989756 0.002203 0.000347 0.121471 
0.832123 0.996366 0.177497 0.999720 0.004443 0.978022 0.999550 0.000757 0.000926 0.090235 
0.800706 0.002846 0.865456 0.041133 0.950644 0.021528 0.001148 0.008854 0.002810 0.974337 
0.842643 0.002270 0.960702 0.261829 0.994574 0.877707 0.997234 0.003652 0.001486 0.071827 
0.885383 0.968201 0.570190 0.109978 0.934271 0.438716 0.080111 0.986968 0.950003 0.056802 
0.882663 0.994164 0.191183 0.842626 0.957325 0.799351 0.004020 0.988065 0.436933 0.928171 
0.853743 0.999712 0.619578 0.995967 0.100516 0.820186 0.999354 0.023972 0.023450 0.409344 
0.855410 0.984649 0.515568 0.991911 0.128627 0.801267 0.998081 0.075895 0.026793 0.441716 
0.855437 0.955788 0.626147 0.997963 0.030478 0.731277 0.981046 0.425085 0.017470 0.704988 
0.885124 0.689811 0.946942 0.166076 0.514346 0.575728 0.107610 0.785202 0.059800 0.890201 
0.886141 0.999431 0.583250 0.275684 0.797045 0.758580 0.169950 0.240657 0.917692 0.253472 
0.999270 0.999995 0.001787 0.313824 0.000033 0.988147 0.999852 0.000283 0.960614 0.764465 
0.998900 0.127649 0.015877 0.517062 0.352666 0.171420 0.096097 0.118640 0.887995 0.623924 
0.997755 0.322304 0.046878 0.659763 0.227849 0.362645 0.227744 0.089878 0.548369 0.686067 
0.996429 0.322846 0.032474 0.671582 0.209449 0.366682 0.211986 0.074486 0.532039 0.689201 
0.985989 0.989018 0.159990 0.894324 0.023279 0.959124 0.985504 0.043911 0.000151 0.940185 
0.989083 0.225759 0.206067 0.593633 0.226760 0.430813 0.404354 0.004690 0.563849 0.723724 
