0.000000 0.340371 0.000302 0.359724 0.998351 0.996523 0.067359 0.959547 0.586718 0.999863 
0.000000 0.000798 0.002431 0.000185 0.999871 0.992573 0.342525 0.017215 0.999966 0.999991 
0.000000 0.582007 0.000087 0.615053 0.997423 0.998949 0.031677 0.993794 0.266220 0.999946 
0.000000 0.003748 0.001000 0.000032 0.999967 0.999909 0.873899 0.003325 0.999990 0.999999 
0.000000 0.000785 0.001200 0.000183 0.999867 0.991773 0.342787 0.016985 0.999967 0.981167 
0.000000 0.000798 0.022245 0.000185 0.999871 0.992573 0.342525 0.017215 0.999966 0.999991 
0.062975 0.098792 0.999967 0.099143 1.000000 0.098548 0.099153 0.100685 0.098928 0.999442 
0.062975 0.098792 0.999967 0.099143 1.000000 0.098548 0.099153 0.100685 0.098928 0.999442 
0.062958 0.098913 0.999922 0.100082 1.000000 0.098523 0.099196 0.100417 0.098753 1.000000 
0.062958 0.098913 0.999712 0.100082 1.000000 0.098523 0.099196 0.100417 0.098753 1.000000 
0.062959 0.099005 0.999730 0.099999 1.000000 0.098525 0.099192 0.100441 0.098769 0.999995 
0.062960 0.099044 0.999737 0.099964 1.000000 0.098526 0.099191 0.100451 0.098775 0.999912 
0.062961 0.099012 0.999700 0.100025 0.999906 0.098528 0.099155 0.100448 0.098791 0.999949 
0.062966 0.098956 0.999626 0.100168 0.999829 0.098536 0.099053 0.100449 0.098842 0.999546 
0.062966 0.099026 0.999641 0.100077 0.999714 0.098535 0.099081 0.100462 0.098836 0.999558 
0.062967 0.099007 0.999660 0.100121 0.998796 0.098537 0.099053 0.100462 0.098849 0.999978 
0.062967 0.099015 0.999643 0.100108 0.999227 0.098536 0.099058 0.100463 0.098847 0.999559 
0.220299 0.344281 0.338822 0.339563 0.340149 0.339817 0.343311 0.334395 0.336714 0.342968 
0.220823 0.344291 0.338831 0.339499 0.340274 0.339823 0.343658 0.334395 0.336645 0.343661 
0.220823 0.344291 0.338831 0.339499 0.342139 0.339823 0.343658 0.334395 0.335843 0.343098 
0.219935 0.344100 0.338640 0.340798 0.337735 0.339697 0.336618 0.334395 0.338044 0.329608 
0.238496 0.368227 0.362724 0.363790 0.364265 0.364088 0.366946 0.358954 0.374015 0.366991 
0.241434 0.369035 0.364568 0.367334 0.371575 0.368875 0.368756 0.362350 0.363378 0.370905 
0.220823 0.344291 0.338831 0.339499 0.346854 0.339823 0.343658 0.334395 0.333317 0.341672 
0.246944 0.378647 0.373552 0.374699 0.379859 0.376564 0.377997 0.369741 0.368688 0.376177 
0.219935 0.344100 0.338640 0.340798 0.337735 0.339697 0.336618 0.334395 0.332448 0.329608 
0.219935 0.344100 0.334818 0.340798 0.337735 0.339697 0.336618 0.334395 0.335133 0.329608 
0.220823 0.344291 0.338831 0.339499 0.340274 0.339823 0.343658 0.334395 0.355081 0.343661 
0.479862 0.684591 0.686965 0.684642 0.682853 0.684080 0.680015 0.683230 0.683677 0.685034 
0.477263 0.683652 0.678751 0.681751 0.679341 0.680828 0.681057 0.678775 0.679819 0.682558 
0.476885 0.683710 0.678719 0.681984 0.679190 0.680654 0.680867 0.678614 0.679650 0.678846 
0.477300 0.682446 0.678762 0.681782 0.679389 0.680884 0.681022 0.678838 0.679335 0.679195 
0.478968 0.678928 0.678959 0.683944 0.682787 0.684601 0.684405 0.683209 0.683694 0.684100 
0.477234 0.683632 0.678750 0.681714 0.684172 0.680762 0.681081 0.678699 0.679752 0.682549 
0.477276 0.683658 0.678755 0.681768 0.679359 0.680845 0.681037 0.678798 0.679838 0.679159 
0.477360 0.679248 0.678779 0.681819 0.679470 0.680986 0.680981 0.678944 0.679961 0.679291 
0.479154 0.684916 0.678831 0.684204 0.683208 0.685070 0.679525 0.683753 0.684091 0.684699 
0.477234 0.683632 0.678750 0.681714 0.677296 0.680763 0.681080 0.678699 0.679753 0.682525 
0.478954 0.678835 0.678827 0.683933 0.682785 0.684610 0.680480 0.683209 0.683694 0.684084 
0.488186 0.689511 0.693941 0.699045 0.691738 0.693257 0.695173 0.693328 0.695351 0.693635 
0.488147 0.693638 0.693920 0.695043 0.683068 0.693229 0.695098 0.691047 0.695306 0.694357 
0.488157 0.692646 0.693925 0.699377 0.685152 0.693235 0.695116 0.691596 0.695317 0.694183 
0.488183 0.689786 0.693733 0.699075 0.685644 0.693255 0.695168 0.693458 0.695348 0.693662 
0.488130 0.695410 0.688762 0.699681 0.689333 0.693216 0.695062 0.696107 0.695286 0.694249 
0.488130 0.695381 0.693713 0.699679 0.684662 0.693216 0.695064 0.696107 0.695286 0.694702 
0.488126 0.695872 0.694141 0.699718 0.684598 0.693214 0.695057 0.696103 0.695282 0.694770 
0.488197 0.688338 0.693738 0.698918 0.685898 0.693265 0.695195 0.696183 0.695364 0.693393 
0.488117 0.692839 0.693582 0.699820 0.684433 0.693207 0.692047 0.698259 0.695271 0.694946 
0.488153 0.693048 0.693952 0.699420 0.685083 0.693233 0.700600 0.692157 0.695312 0.694256 
0.488164 0.696019 0.692940 0.695620 0.690136 0.693305 0.695376 0.696246 0.695145 0.681249 
0.724480 0.000006 0.908023 0.906300 0.908442 0.907316 0.000000 0.907339 0.900845 0.000224 
0.724480 0.000006 0.910854 0.906300 0.907639 0.907316 0.000000 0.907339 0.900845 0.000224 
0.724480 0.000006 0.908023 0.906300 0.911350 0.907316 0.000000 0.907339 0.900845 0.000224 
0.724067 0.001221 0.907648 0.905932 0.908061 0.906942 0.042377 0.906971 0.900486 0.001413 
0.724502 0.000004 0.908037 0.906304 0.909348 0.907327 0.000000 0.917517 0.905947 0.000226 
0.724511 0.000003 0.908043 0.906305 0.908486 0.907331 0.000000 0.921898 0.908215 0.000227 
0.722296 0.000149 0.906352 0.905952 0.905363 0.906233 0.000002 0.000012 0.906216 0.000104 
0.722205 0.000190 0.906192 0.905937 0.905234 0.906187 0.000000 0.000014 0.906136 0.000098 
0.722658 0.000006 0.906898 0.906009 0.905875 0.906412 0.000001 0.000013 0.906526 0.000099 
0.722608 0.000018 0.906867 0.906001 0.905803 0.906387 0.000001 0.000042 0.906486 0.000027 
0.724480 0.000006 0.908023 0.906300 0.908442 0.907316 0.000000 0.907339 0.888459 0.000224 
0.805209 0.953599 0.953786 0.953709 0.953557 0.000003 0.953627 0.000001 0.000007 0.000000 
0.804858 0.953479 0.953120 0.953576 0.953430 0.000002 0.953444 0.000000 0.000004 0.000003 
0.806049 0.953797 0.953603 0.953946 0.953784 0.000004 0.953934 0.000000 0.000014 0.000001 
0.805358 0.953638 0.953046 0.953767 0.953611 0.000003 0.953691 0.000000 0.000017 0.000002 
0.805358 0.953638 0.953046 0.953767 0.953611 0.000001 0.953691 0.000000 0.000017 0.000003 
0.805358 0.953638 0.953046 0.953767 0.953611 0.000003 0.953691 0.000000 0.000017 0.000004 
0.805365 0.953641 0.953045 0.953769 0.953614 0.000001 0.953694 0.000000 0.000017 0.000003 
0.805456 0.953661 0.953051 0.953793 0.953637 0.000003 0.953726 0.000000 0.000007 0.000002 
0.806559 0.953914 0.954077 0.954077 0.953910 0.000005 0.954113 0.000001 0.000012 0.000000 
0.815744 0.958317 0.958234 0.958879 0.958599 0.000015 0.959785 0.000002 0.000003 0.007536 
0.821830 0.961061 0.961346 0.961876 0.961524 0.000023 0.963358 0.000007 0.000038 0.020195 
0.894342 0.987700 0.986768 0.985332 0.984214 0.988174 0.984100 0.981737 0.986827 0.000016 
0.873912 0.984247 0.983321 0.978228 0.975493 0.984242 0.979316 0.975109 0.982452 0.000004 
0.893615 0.987178 0.986245 0.984821 0.994219 0.987646 0.983583 0.981226 0.986305 0.000419 
0.894342 0.987700 0.986768 0.985332 0.994774 0.984753 0.984100 0.981737 0.986827 0.000007 
0.894443 0.984846 0.984743 0.985163 0.994800 0.986217 0.983889 0.981260 0.986617 0.000178 
0.894342 0.987700 0.986768 0.985332 0.994774 0.988174 0.984100 0.981737 0.986827 0.000003 
0.894342 0.987700 0.986768 0.985332 0.994774 0.988174 0.984100 0.981737 0.986827 0.000016 
0.894342 0.987700 0.986768 0.985332 0.994774 0.984753 0.984100 0.980207 0.986827 0.000007 
0.894342 0.987700 0.986768 0.985332 0.994774 0.981454 0.985714 0.981737 0.986827 0.000016 
0.895029 0.983197 0.986997 0.985405 0.995211 0.985207 0.984106 0.981285 0.986837 0.000007 
0.901406 0.987741 0.989119 0.986086 0.996433 0.989417 0.984160 0.991457 0.986931 0.000005 
0.908487 0.990485 0.989048 0.991029 0.988771 0.998472 0.988626 0.991041 0.992115 0.000050 
0.919322 0.992158 0.990920 0.992644 0.990793 0.998731 0.990674 0.992654 0.993524 0.000042 
0.922553 0.992470 0.991529 0.995141 0.996258 0.993604 0.990707 0.990889 0.992868 0.000003 
0.935348 0.994633 0.993688 0.995033 0.996931 0.999114 0.993703 0.995040 0.995608 0.000031 
0.936347 0.994769 0.993839 0.995179 0.997022 0.999327 0.993892 0.995173 0.995717 0.000011 
0.942211 0.994855 0.994082 0.995730 0.994932 0.996507 0.998670 0.995570 0.996103 0.000103 
0.946867 0.998506 0.997125 0.996766 0.996565 0.999850 0.997479 0.997482 0.996667 0.000132 
0.955648 0.998797 0.998614 0.998065 0.998228 0.999440 0.999207 0.998759 0.997707 0.000147 
0.959045 0.998619 0.998148 0.999973 0.996996 0.999695 0.998880 0.999131 0.998151 0.000079 
0.964122 0.997280 0.997698 0.997579 0.996013 0.999979 0.998661 0.999593 0.998791 0.000012 
0.968508 0.999143 0.998685 0.999881 0.999962 0.999676 0.999979 0.999474 0.999217 0.000151 
0.975532 1.000000 0.999986 0.999263 0.998077 0.999870 0.999985 0.999816 0.999511 0.000018 
0.979743 0.999990 0.999991 0.999959 0.999875 0.999873 0.999987 0.999842 0.999567 0.000016 
0.985704 0.999965 0.999222 0.999692 0.997569 0.999961 0.999865 0.999899 0.999979 0.000258 
0.990157 0.999668 0.999072 0.999959 0.999989 0.999842 0.999994 0.999915 0.999741 0.000026 
0.994997 0.999924 0.999780 0.999061 0.999465 0.999958 0.999505 0.999876 0.999995 0.000000 
1.000000 0.999783 1.000000 1.000000 1.000000 0.000127 0.017709 0.000138 0.999617 0.000000 
