0.000000 0.340371 0.000302 0.359724 0.998351 0.996523 0.067359 0.959547 0.586718 0.999863 
0.000000 0.000798 0.002431 0.000185 0.999871 0.992573 0.342525 0.017215 0.999966 0.999991 
0.000000 0.582007 0.000087 0.615053 0.997423 0.998949 0.031677 0.993794 0.266220 0.999946 
0.000000 0.003748 0.001000 0.000032 0.999967 0.999909 0.873899 0.003325 0.999990 0.999999 
0.000000 0.000785 0.001200 0.000183 0.999867 0.991773 0.342787 0.016985 0.999967 0.981167 
0.000000 0.000798 0.022245 0.000185 0.999871 0.992573 0.342525 0.017215 0.999966 0.999991 
0.064465 0.102804 0.997952 0.097245 0.999700 0.099868 0.999955 0.998994 0.104847 0.994930 
0.066967 0.105349 0.087897 0.097042 0.999529 0.102842 0.999904 0.988055 0.106449 0.991557 
0.067001 0.102854 0.999993 0.099809 0.999929 0.102940 0.999800 0.995568 0.104748 0.999709 
0.067001 0.102891 0.999978 0.099768 0.999263 0.102938 0.999801 0.995457 0.104773 0.999589 
0.067005 0.102571 0.999771 0.100123 0.999229 0.102951 0.999804 0.996397 0.104555 0.996182 
0.067007 0.102410 0.999760 0.100302 0.999212 0.102957 0.999805 0.996870 0.104445 0.991206 
0.067019 0.101535 0.999999 0.101272 0.999117 0.102992 0.999813 0.997299 0.103849 0.991101 
0.066963 0.104992 0.999814 0.097247 0.999588 0.102840 0.987740 0.998312 0.106496 0.996909 
0.066962 0.105115 0.999832 0.097171 0.999544 0.102838 0.999113 0.988247 0.106335 0.995245 
0.066967 0.105348 0.999931 0.097042 0.999529 0.102842 0.999779 0.988243 0.106448 0.998175 
0.066967 0.105348 0.999843 0.097042 0.999529 0.102842 0.999779 0.988243 0.106448 0.998175 
0.201867 0.325908 0.296728 0.999965 0.343094 0.315305 0.327826 0.335262 0.308593 0.999874 
0.214819 0.278756 0.323525 0.999988 0.326413 0.343645 0.344395 0.339881 0.326144 1.000000 
0.223011 0.328965 0.341920 0.999777 0.319916 0.355024 0.345482 0.357156 0.336674 0.992283 
0.222970 0.326433 0.341784 0.998085 0.319682 0.354859 0.347131 0.357152 0.336672 0.998598 
0.222778 0.332186 0.341148 0.990175 0.318591 0.354090 0.356412 0.357133 0.336663 0.999809 
0.223011 0.328965 0.341920 0.999777 0.319916 0.355024 0.356457 0.357156 0.336674 0.992283 
0.223264 0.364250 0.342762 0.998497 0.321361 0.356043 0.356507 0.357181 0.336686 0.985086 
0.222778 0.314597 0.341148 0.990175 0.318591 0.354090 0.356412 0.357133 0.336663 0.999809 
0.222739 0.312195 0.341018 0.988570 0.318369 0.353934 0.356404 0.357129 0.336661 0.999985 
0.212348 0.313939 0.327949 0.999940 0.304395 0.340697 0.372499 0.344070 0.322614 0.997099 
0.222742 0.312324 0.341025 0.988656 0.318381 0.353942 0.356320 0.357129 0.336662 0.286559 
0.480003 0.690847 0.678624 0.005481 0.694144 0.696836 0.000606 0.672715 0.675042 0.681447 
0.479996 0.690797 0.678612 0.003763 0.694150 0.696353 0.000609 0.672727 0.674963 0.679731 
0.480031 0.691035 0.678670 0.002600 0.694120 0.698670 0.000597 0.672671 0.675343 0.687966 
0.480046 0.691134 0.678695 0.015444 0.660340 0.686075 0.000592 0.672647 0.675502 0.683700 
0.480058 0.691212 0.678714 0.018158 0.693277 0.698751 0.000588 0.694610 0.675627 0.679418 
0.480058 0.691214 0.678715 0.018226 0.694097 0.672806 0.000588 0.672628 0.675630 0.679311 
0.480058 0.691214 0.678715 0.018226 0.694097 0.700418 0.000588 0.672628 0.675630 0.679311 
0.484816 0.698957 0.680628 0.000339 0.693111 0.695043 0.000194 0.670799 0.688027 0.671513 
0.479238 0.685755 0.677365 0.015236 0.694793 0.709141 0.000865 0.673918 0.666888 0.684810 
0.484556 0.698534 0.680524 0.002786 0.693165 0.676732 0.000216 0.670899 0.687350 0.671939 
0.484816 0.698957 0.680628 0.000339 0.693111 0.676958 0.000194 0.670799 0.688027 0.671513 
0.491772 0.704800 0.676997 0.691338 0.022310 0.694526 0.722880 0.692759 0.687106 0.640251 
0.491772 0.704800 0.676997 0.691338 0.031558 0.694526 0.717078 0.687256 0.687106 0.640251 
0.491772 0.704800 0.676997 0.691338 0.045777 0.694526 0.722880 0.692759 0.687106 0.640251 
0.490625 0.711715 0.044643 0.697462 0.045366 0.701341 0.695994 0.677455 0.693848 0.646520 
0.491772 0.704800 0.676997 0.691338 0.045777 0.694526 0.722880 0.678798 0.687106 0.640251 
0.490715 0.711174 0.100374 0.696983 0.045399 0.700808 0.698096 0.678651 0.693321 0.646030 
0.607259 0.000061 0.801909 0.826141 0.093994 0.000043 0.000017 0.811319 0.000056 0.028868 
0.607259 0.000261 0.801909 0.826141 0.093994 0.000043 0.000017 0.811319 0.000056 0.028868 
0.608311 0.000163 0.805077 0.080807 0.006767 0.000099 0.000020 0.814927 0.000079 0.005658 
0.608562 0.000154 0.805363 0.004652 0.088178 0.000069 0.000081 0.815253 0.000079 0.003884 
0.609055 0.000137 0.805898 0.014277 0.087277 0.000104 0.000320 0.815862 0.000078 0.000610 
0.727151 0.000044 0.907618 0.001070 0.005574 0.909837 0.000038 0.057196 0.003877 0.895230 
0.727228 0.000041 0.907606 0.894434 0.011709 0.905456 0.000001 0.000023 0.000009 0.023800 
0.727179 0.000067 0.907614 0.001616 0.011739 0.908348 0.000088 0.020842 0.002079 0.006961 
0.727211 0.000095 0.907609 0.002251 0.010265 0.906473 0.000023 0.002542 0.000034 0.022955 
0.727214 0.000095 0.907608 0.002309 0.010506 0.906303 0.000023 0.000795 0.000026 0.023096 
0.727213 0.000095 0.907608 0.002286 0.010665 0.906386 0.000123 0.001616 0.000110 0.023096 
0.727213 0.015218 0.907608 0.000889 0.010448 0.906344 0.000024 0.000833 0.000027 0.023062 
0.727208 0.000008 0.907608 0.004469 0.002242 0.906439 0.000046 0.039466 0.000875 0.009944 
0.727212 0.000095 0.907608 0.000086 0.010834 0.906193 0.000045 0.038147 0.000104 0.009262 
0.727122 0.000095 0.907622 0.000482 0.003010 0.911583 0.000027 0.055052 0.005567 0.018710 
0.727119 0.000004 0.907623 0.000163 0.002524 0.911906 0.000027 0.054769 0.005558 0.016552 
0.802836 0.952635 0.952872 0.953806 0.953341 0.000020 0.954020 0.000355 0.008742 0.003004 
0.803057 0.952410 0.952860 0.953801 0.952369 0.004719 0.954002 0.000658 0.013677 0.012442 
0.803057 0.952410 0.952860 0.953800 0.952675 0.002685 0.954002 0.003655 0.013797 0.013038 
0.802913 0.952557 0.952868 0.953804 0.953109 0.000344 0.954014 0.001053 0.010498 0.013555 
0.803057 0.952411 0.952860 0.953801 0.952096 0.001048 0.954003 0.003655 0.013389 0.015689 
0.802896 0.952574 0.952869 0.953804 0.953160 0.000072 0.954015 0.002913 0.010115 0.013615 
0.803135 0.952328 0.952854 0.953796 0.953150 0.010068 0.953994 0.000540 0.016279 0.005763 
0.803057 0.952409 0.952859 0.953799 0.953136 0.006635 0.954001 0.003656 0.014238 0.008514 
0.805975 0.953116 0.952904 0.953826 0.952186 0.004662 0.954064 0.000811 0.014321 0.020644 
0.816135 0.955584 0.953058 0.953919 0.950507 0.011427 0.954280 0.000852 0.015970 0.047167 
0.817179 0.955836 0.955045 0.953928 0.950297 0.012218 0.954301 0.000817 0.014615 0.050857 
0.857564 0.975983 0.979695 0.977306 0.114003 0.979935 0.974181 0.020284 0.977643 0.009007 
0.893747 0.988071 0.987922 0.988800 0.987517 0.001860 0.989766 0.002428 0.001612 0.004340 
0.893559 0.987928 0.987855 0.987595 0.987504 0.023924 0.989174 0.007541 0.000556 0.009699 
0.893736 0.988041 0.987915 0.989067 0.987497 0.009270 0.989588 0.000764 0.000000 0.000723 
0.893738 0.988040 0.987916 0.989071 0.987496 0.009205 0.989590 0.000703 0.001384 0.000351 
0.893741 0.988056 0.987918 0.988920 0.987508 0.009157 0.989669 0.002395 0.001241 0.001738 
0.893745 0.988085 0.987923 0.988660 0.987529 0.009074 0.989806 0.002456 0.000992 0.008793 
0.893684 0.988065 0.987902 0.988971 0.987525 0.010721 0.989557 0.002117 0.000077 0.008925 
0.893759 0.988096 0.987928 0.988594 0.987531 0.009160 0.989932 0.002484 0.002247 0.008786 
0.895170 0.985952 0.988114 0.998704 0.985652 0.003448 0.987007 0.001028 0.000153 0.002281 
0.901360 0.998536 0.989559 0.997772 0.996581 0.002114 0.988930 0.000387 0.174815 0.009614 
0.930398 0.993206 0.995192 0.996510 0.000219 0.999876 0.992565 0.003414 0.993530 0.000154 
0.938421 0.994939 0.996639 0.998146 0.001845 0.999926 0.994492 0.001955 0.995104 0.000396 
0.930397 0.993206 0.995192 0.996510 0.010063 0.999883 0.992565 0.003414 0.993530 0.000127 
0.930432 0.993213 0.995198 0.996517 0.021501 0.999424 0.992572 0.003409 0.993536 0.001984 
0.948449 0.996987 0.998385 0.999996 0.003475 0.999981 0.996709 0.000002 0.996944 0.000537 
0.945090 0.996512 0.998136 0.999998 0.004150 0.999940 0.996089 0.000061 0.996554 0.000599 
0.947500 0.996899 0.998276 0.999996 0.004185 0.999976 0.996674 0.000303 0.996885 0.000700 
0.951524 0.997270 0.998738 0.999996 0.001178 1.000000 0.996822 0.000517 0.997135 0.000011 
0.957256 0.997803 0.999376 1.000000 0.004667 0.999952 0.998222 0.000111 0.998079 0.002384 
0.963274 0.998367 0.999506 0.999999 0.005465 1.000000 0.999449 0.000048 0.998681 0.003151 
0.969082 0.999753 0.999988 1.000000 0.000094 0.999976 0.998682 0.000005 0.999193 0.001397 
0.974641 0.999421 0.999816 1.000000 0.002415 1.000000 0.999802 0.000002 0.999537 0.001594 
0.979425 0.999557 0.999601 1.000000 0.001260 0.999986 0.998962 0.000010 0.999337 0.000014 
0.984614 0.999849 0.999606 0.999999 0.000986 0.999996 0.998445 0.000056 0.999896 0.000074 
0.989852 0.999218 0.999837 1.000000 0.000675 1.000000 0.999883 0.000003 0.999784 0.001263 
0.995098 0.999968 0.999989 0.999999 0.000024 1.000000 0.999982 0.000009 0.999994 0.001942 
1.000000 0.999783 1.000000 1.000000 1.000000 0.000843 0.017709 0.000397 0.998217 0.000000 
