0.000000 0.999973 0.005794 0.925145 0.999996 0.999797 0.942948 0.982502 0.732587 0.999294 
0.000000 0.966668 0.006491 0.894343 0.999970 0.999779 0.917896 0.951685 0.741495 0.999175 
0.000000 0.000423 0.023305 0.055386 0.999279 0.995431 0.137160 0.148054 0.999984 0.964664 
0.000000 0.004693 0.008722 0.003834 0.999942 0.996163 0.003906 0.023370 0.999999 0.999815 
0.000000 0.000177 0.042381 0.000071 0.999830 0.997056 0.021919 0.068977 0.999981 0.873558 
0.000000 0.000423 0.023305 0.055386 0.999279 0.995431 0.137160 0.051785 0.999984 0.996110 
0.062168 0.154618 0.997114 0.094627 0.988789 0.092802 0.171193 0.972862 0.108102 0.993657 
0.068832 0.109948 0.991784 0.102499 0.995558 0.105594 0.994393 0.919031 0.117176 0.997233 
0.068832 0.069830 0.991735 0.086148 0.978909 0.102306 0.138183 0.919226 0.116883 0.990464 
0.068836 0.184860 0.994331 0.103645 0.980079 0.110231 0.984113 0.918624 0.116771 0.959646 
0.068836 0.184901 0.995400 0.103567 0.980134 0.110741 0.983948 0.918432 0.116793 0.957848 
0.068832 0.187846 0.991808 0.102288 0.978831 0.104619 0.986605 0.919087 0.117075 0.994448 
0.068836 0.190670 0.994462 0.103740 0.980138 0.110631 0.994534 0.077924 0.116765 0.958090 
0.068832 0.075497 0.991863 0.101870 0.978967 0.102697 0.179858 0.919196 0.116877 0.988946 
0.068834 0.185039 0.992218 0.099177 0.979839 0.119421 0.984457 0.962294 0.118630 0.997372 
0.068831 0.188648 0.991691 0.103177 0.978543 0.124731 0.987414 0.929188 0.116774 0.994872 
0.068832 0.075516 0.991855 0.101871 0.904557 0.102693 0.179987 0.919198 0.116877 0.988947 
0.211500 0.224938 0.361998 0.997973 0.683184 0.363012 0.347197 0.289829 0.328341 0.346790 
0.208200 0.342301 0.328788 0.937525 0.718119 0.295578 0.412004 0.372477 0.289777 0.403398 
0.228841 0.323707 0.351943 0.999754 0.675060 0.366424 0.337247 0.995772 0.334776 0.251299 
0.231048 0.302805 0.369930 0.991790 0.665331 0.352023 0.355289 0.466451 0.340580 0.318144 
0.228824 0.323690 0.351852 0.999768 0.675146 0.366251 0.337150 0.945200 0.334735 0.250873 
0.230706 0.290491 0.383115 0.934110 0.661354 0.348668 0.361363 0.255579 0.340572 0.364292 
0.231805 0.295698 0.376081 0.989075 0.661991 0.347182 0.361462 0.315665 0.342569 0.441409 
0.231774 0.295988 0.375830 0.989186 0.662128 0.347379 0.361210 0.310187 0.342488 0.436381 
0.231774 0.295988 0.375830 0.989186 0.662128 0.347379 0.361210 0.310187 0.342488 0.452145 
0.232932 0.327698 0.373555 0.996492 0.654625 0.407572 0.360230 0.689143 0.344500 0.352203 
0.239771 0.337148 0.388311 0.990648 0.667918 0.337725 0.360065 0.719091 0.356832 0.379677 
0.344399 0.430232 0.018107 0.999037 0.476896 0.496420 0.061279 0.479778 0.503799 0.024160 
0.486400 0.712972 0.673025 0.622330 0.022297 0.709481 0.647159 0.665629 0.700545 0.675230 
0.486400 0.712897 0.667974 0.622543 0.754662 0.709481 0.705494 0.665629 0.719155 0.674219 
0.486400 0.712839 0.677109 0.622310 0.100357 0.709481 0.761422 0.665629 0.703609 0.682440 
0.486400 0.713394 0.667055 0.622436 0.687789 0.709481 0.271362 0.665629 0.715487 0.673032 
0.486400 0.712845 0.667974 0.622354 0.000595 0.709481 0.754381 0.665629 0.724151 0.669346 
0.486400 0.713354 0.667128 0.622444 0.693135 0.668024 0.306067 0.665629 0.715780 0.673127 
0.486400 0.712858 0.667974 0.622354 0.083306 0.709481 0.743808 0.665629 0.722966 0.674219 
0.486400 0.712839 0.676849 0.622311 0.077745 0.709481 0.760922 0.634265 0.704159 0.682206 
0.486400 0.712845 0.667974 0.622352 0.062651 0.709481 0.755542 0.665629 0.723111 0.674219 
0.486400 0.713379 0.667974 0.622429 0.670088 0.709481 0.284606 0.665629 0.717314 0.674219 
0.492386 0.695376 0.692759 0.071536 0.357480 0.687797 0.014385 0.651875 0.640890 0.657848 
0.599400 0.000085 0.795761 0.005321 0.097273 0.000120 0.000000 0.146500 0.000004 0.000328 
0.605487 0.033354 0.131088 0.001292 0.835364 0.132957 0.220489 0.010242 0.001671 0.001758 
0.607742 0.016646 0.119894 0.000000 0.844889 0.121899 0.224597 0.003185 0.000615 0.000168 
0.598967 0.076845 0.009885 0.002383 0.837403 0.152170 0.211700 0.020744 0.004371 0.023140 
0.598890 0.077335 0.009108 0.002386 0.837295 0.152196 0.211583 0.020986 0.021470 0.021178 
0.598563 0.071916 0.014479 0.027544 0.847704 0.070114 0.212444 0.023989 0.030821 0.009550 
0.600153 0.070004 0.000221 0.001566 0.842987 0.158132 0.213922 0.013502 0.014122 0.013626 
0.600153 0.070004 0.000998 0.001566 0.842987 0.158132 0.213922 0.013502 0.014122 0.013626 
0.607855 0.842265 0.059544 0.784112 0.832543 0.009746 0.233550 0.033027 0.001404 0.260568 
0.610940 0.033458 0.182988 0.086192 0.041498 0.192211 0.012396 0.816456 0.104704 0.138880 
0.703344 0.001093 0.888437 0.010633 0.022269 0.000381 0.000185 0.073395 0.010398 0.045224 
0.703037 0.000882 0.887061 0.009296 0.049330 0.000291 0.000160 0.062884 0.009149 0.048880 
0.702736 0.000675 0.885711 0.007984 0.075887 0.000202 0.000136 0.052569 0.007924 0.033334 
0.703638 0.001296 0.889758 0.011917 0.007621 0.000467 0.072753 0.083490 0.011597 0.050986 
0.696062 0.000790 0.904784 0.004185 0.017606 0.000411 0.000001 0.105719 0.001957 0.002772 
0.694282 0.000504 0.906581 0.001474 0.001473 0.000321 0.000000 0.100973 0.000012 0.000694 
0.696062 0.000790 0.904784 0.004185 0.017606 0.038790 0.000001 0.105719 0.001957 0.002772 
0.719547 0.064968 0.884228 0.121032 0.884798 0.005614 0.011942 0.160474 0.065131 0.902854 
0.718475 0.058748 0.897516 0.056464 0.878371 0.042778 0.002759 0.058949 0.035768 0.095598 
0.716397 0.050106 0.891904 0.136986 0.898744 0.060050 0.080503 0.005777 0.063265 0.134789 
0.727122 0.003345 0.944937 0.000143 0.903596 0.945663 0.000248 0.085216 0.000020 0.093612 
0.801806 0.957193 0.956688 0.938416 0.948654 0.008542 0.957318 0.005880 0.074649 0.023123 
0.801780 0.957173 0.956664 0.967981 0.948606 0.008561 0.957240 0.005896 0.074702 0.051870 
0.801622 0.957052 0.956520 0.938234 0.948314 0.000194 0.956695 0.007292 0.075021 0.179003 
0.801657 0.957079 0.956552 0.938267 0.948379 0.008646 0.956878 0.005968 0.074950 0.186710 
0.800040 0.956746 0.956112 0.937668 0.959542 0.001389 0.964321 0.955169 0.028194 0.222340 
0.801917 0.957199 0.956610 0.938376 0.948680 0.008582 0.964727 0.944310 0.075334 0.219815 
0.801806 0.957193 0.956688 0.938417 0.948654 0.006187 0.957287 0.006371 0.074649 0.219551 
0.801806 0.957193 0.956688 0.938409 0.948654 0.008542 0.957660 0.000327 0.074649 0.219551 
0.811544 0.964633 0.965427 0.948606 0.966534 0.001847 0.964455 0.000010 0.055732 0.205927 
0.812677 0.965499 0.966444 0.949791 0.968614 0.001069 0.965285 0.000002 0.009966 0.227194 
0.821734 0.000501 0.944368 0.000850 0.995219 0.019513 0.019415 0.000266 0.000229 0.003097 
0.857564 0.975983 0.979695 0.977306 0.114003 0.979935 0.974181 0.020284 0.977643 0.009007 
0.896663 0.982405 0.998999 0.999903 0.985934 0.001796 0.997845 0.000278 0.016010 0.010537 
0.896967 0.005748 0.985503 0.000131 0.992288 0.000030 0.012613 0.000118 0.075489 0.058066 
0.894611 0.005192 0.982388 0.000011 0.991779 0.000064 0.008778 0.000038 0.000059 0.130029 
0.894455 0.005212 0.982356 0.000039 0.991768 0.000069 0.013140 0.000159 0.000130 0.130140 
0.888857 0.980766 0.999828 0.999894 0.999453 0.000076 0.997644 0.000295 0.003671 0.010428 
0.895451 0.005086 0.994408 0.000016 0.991838 0.000038 0.011540 0.000060 0.000034 0.129432 
0.898227 0.006012 0.983507 0.000008 0.992547 0.000010 0.015517 0.000076 0.000142 0.192574 
0.894391 0.005220 0.996049 0.000689 0.991763 0.000071 0.000945 0.000243 0.002780 0.130186 
0.899297 0.006239 0.983833 0.000000 0.992768 0.000001 0.016191 0.000052 0.000146 0.210286 
0.902682 0.000846 0.997955 0.000152 0.997238 0.002773 0.000980 0.034942 0.000056 0.216975 
0.964299 0.998488 0.999976 0.999997 0.006262 0.999961 0.999482 0.000016 0.998259 0.005161 
0.946242 0.996845 0.999966 0.999993 0.004265 0.999935 1.000000 0.000313 0.996675 0.000294 
0.965206 0.999295 0.999962 0.999998 0.005570 0.999971 0.999010 0.000010 0.999181 0.020480 
0.963310 0.997609 0.999990 0.999996 0.007016 0.999950 0.999997 0.000023 0.997255 0.003325 
0.958999 0.999960 1.000000 0.999999 0.009497 0.999998 1.000000 0.000032 0.998870 0.003661 
0.958999 0.999960 1.000000 0.999990 0.013846 0.999998 1.000000 0.000032 0.999000 0.003513 
0.966000 1.000000 0.999951 0.999998 0.015713 0.999979 0.998596 0.000005 0.999987 0.027656 
0.964615 0.998788 0.999961 0.999977 0.012586 0.999945 0.995820 0.000040 0.999659 0.015882 
0.965118 0.996616 0.999963 0.999993 0.004121 0.999930 1.000000 0.000018 0.996436 0.000211 
0.964342 0.999995 0.999962 0.999996 0.015271 0.999984 0.998929 0.000050 0.999969 0.024330 
0.968696 0.001549 0.998694 0.009282 1.000000 0.008863 0.008430 0.000275 0.011737 0.010770 
0.978294 0.999971 1.000000 0.999999 0.000984 1.000000 1.000000 0.000006 0.999381 0.021018 
0.980377 0.999983 1.000000 0.999997 0.001211 1.000000 1.000000 0.000104 0.999663 0.011701 
0.988809 0.999997 1.000000 0.999999 0.006318 1.000000 1.000000 0.000200 0.999802 0.000207 
0.993555 0.999917 0.999924 0.999967 0.009163 0.999932 1.000000 0.013032 0.999721 0.032614 
0.995964 0.999251 0.999997 0.999999 0.000247 0.999995 1.000000 0.000004 0.999561 0.001617 
1.000000 0.998723 1.000000 1.000000 0.999994 0.003234 0.017709 0.002254 0.998217 0.000000 
