0.000000 0.340371 0.000302 0.359724 0.998351 0.996523 0.067359 0.959547 0.586718 0.999863 
0.000000 0.000798 0.002431 0.000185 0.999871 0.992573 0.342525 0.017215 0.999966 0.999991 
0.000000 0.582007 0.000087 0.615053 0.997423 0.998949 0.031677 0.993794 0.266220 0.999946 
0.000000 0.003748 0.001000 0.000032 0.999967 0.999909 0.873899 0.003325 0.999990 0.999999 
0.000000 0.000785 0.001200 0.000183 0.999867 0.991773 0.342787 0.016985 0.999967 0.981167 
0.000000 0.000798 0.022245 0.000185 0.999871 0.992573 0.342525 0.017215 0.999966 0.999991 
0.062125 0.097326 0.097507 0.097766 0.097900 0.097818 0.097812 0.097336 0.097614 0.096885 
0.062113 0.097617 0.097493 0.097752 0.097388 0.097233 0.097203 0.097321 0.097570 0.099244 
0.082032 0.128213 0.128482 0.128485 0.128095 0.127588 0.128305 0.127865 0.128097 0.130045 
0.083013 0.129718 0.130007 0.129998 0.129606 0.129082 0.129836 0.129368 0.130556 0.131561 
0.086082 0.134479 0.134784 0.134734 0.134265 0.133677 0.134542 0.134075 0.134782 0.136657 
0.063348 0.099507 0.099382 0.099657 0.099302 0.099127 0.100357 0.099215 0.099453 0.101104 
0.102550 0.159728 0.160403 0.160142 0.159724 0.158856 0.160341 0.159326 0.159186 0.161772 
0.079154 0.123776 0.123990 0.124036 0.123661 0.121577 0.124029 0.123443 0.124528 0.125531 
0.154552 0.239057 0.240096 0.240316 0.240628 0.238969 0.238417 0.239166 0.238349 0.238312 
0.166094 0.256794 0.256543 0.258181 0.258550 0.256688 0.256185 0.256759 0.256059 0.255873 
0.176191 0.272177 0.271987 0.273758 0.274503 0.272174 0.271406 0.272240 0.271448 0.271945 
0.200258 0.309018 0.309311 0.309470 0.312434 0.309444 0.308168 0.309191 0.308175 0.308622 
0.212123 0.326734 0.327393 0.328094 0.327426 0.326394 0.326762 0.327233 0.326995 0.327151 
0.215949 0.332583 0.332742 0.332733 0.332365 0.331777 0.332536 0.332824 0.332792 0.332549 
0.216344 0.333273 0.333403 0.333216 0.332884 0.332703 0.333111 0.333449 0.332686 0.333107 
0.215963 0.332609 0.332767 0.332741 0.332385 0.331812 0.332558 0.332848 0.332183 0.332570 
0.216344 0.333273 0.333403 0.332945 0.332884 0.332703 0.333111 0.333449 0.332686 0.333107 
0.216326 0.332652 0.333346 0.333309 0.332911 0.332714 0.333068 0.333421 0.332706 0.333137 
0.214347 0.330011 0.330326 0.329884 0.330869 0.330023 0.329986 0.330496 0.330117 0.330134 
0.214515 0.331114 0.330411 0.330933 0.330482 0.329877 0.330461 0.330895 0.330269 0.330522 
0.216307 0.331997 0.333286 0.333290 0.332939 0.332726 0.333022 0.333392 0.332728 0.333169 
0.216030 0.332491 0.332545 0.332488 0.333474 0.332768 0.332424 0.332965 0.332478 0.332391 
0.364351 0.540882 0.535271 0.541965 0.539772 0.533614 0.538568 0.540839 0.544743 0.540460 
0.375365 0.555720 0.550848 0.556288 0.556591 0.549158 0.553339 0.555844 0.558206 0.556061 
0.371744 0.555161 0.550406 0.554250 0.550955 0.547779 0.551762 0.554375 0.552564 0.557981 
0.392242 0.578772 0.573768 0.578330 0.573743 0.573184 0.576160 0.579231 0.577523 0.580357 
0.400911 0.590137 0.586978 0.589510 0.586732 0.585212 0.587600 0.590649 0.589433 0.592244 
0.416089 0.608013 0.609572 0.606594 0.604115 0.608144 0.605983 0.603982 0.608153 0.606682 
0.418479 0.611114 0.611814 0.609583 0.607528 0.611589 0.609102 0.606852 0.611406 0.613009 
0.439487 0.636814 0.635222 0.635913 0.636039 0.638666 0.635156 0.633894 0.637467 0.638711 
0.455479 0.655464 0.657392 0.655979 0.656866 0.657399 0.654186 0.655536 0.655818 0.656826 
0.467606 0.670116 0.670609 0.670139 0.668540 0.670813 0.669548 0.670345 0.670111 0.670593 
0.478464 0.682350 0.682366 0.682743 0.682442 0.683016 0.682717 0.683371 0.682205 0.683628 
0.488449 0.694108 0.693726 0.694443 0.694278 0.693974 0.694414 0.694097 0.694125 0.694162 
0.488450 0.694107 0.693518 0.694431 0.694277 0.693890 0.694290 0.693906 0.694292 0.694162 
0.488449 0.694108 0.693540 0.694436 0.694246 0.694000 0.694370 0.694568 0.694062 0.694162 
0.488450 0.694107 0.693521 0.693658 0.694273 0.693905 0.694301 0.693994 0.694262 0.694162 
0.488449 0.694107 0.693517 0.694436 0.694277 0.694003 0.694365 0.694626 0.694054 0.694162 
0.488450 0.694107 0.693519 0.694429 0.694277 0.693840 0.694595 0.694073 0.694398 0.694162 
0.565442 0.775704 0.781775 0.775762 0.774938 0.778327 0.771879 0.774286 0.773645 0.769969 
0.583596 0.793123 0.800104 0.793023 0.792172 0.799263 0.790624 0.791204 0.790710 0.790315 
0.594012 0.803963 0.811773 0.803816 0.802889 0.812836 0.802465 0.801777 0.801292 0.800842 
0.597235 0.806211 0.813874 0.805991 0.805120 0.814992 0.804708 0.805092 0.803532 0.803122 
0.611190 0.821839 0.831016 0.821615 0.820563 0.829790 0.820055 0.819214 0.818742 0.818202 
0.642297 0.845441 0.848438 0.845920 0.846680 0.847120 0.846546 0.845576 0.846001 0.846468 
0.644936 0.847416 0.850255 0.848056 0.848992 0.847939 0.848891 0.847909 0.848492 0.848657 
0.645365 0.847585 0.850088 0.848222 0.849154 0.849372 0.849055 0.848074 0.848583 0.847450 
0.654312 0.854523 0.856127 0.855353 0.856483 0.856867 0.855833 0.855503 0.856879 0.855001 
0.666618 0.864172 0.865786 0.866079 0.868399 0.866840 0.864481 0.867466 0.869298 0.867090 
0.679924 0.874667 0.875036 0.875281 0.879949 0.876084 0.872238 0.879053 0.876493 0.878795 
0.665569 0.862854 0.864466 0.864758 0.867073 0.865516 0.867229 0.866142 0.867971 0.865771 
0.724133 0.909326 0.910212 0.903320 0.908212 0.908275 0.908904 0.908711 0.909848 0.908135 
0.721498 0.905582 0.905677 0.905667 0.905811 0.905951 0.000542 0.905762 0.905670 0.906173 
0.722636 0.906492 0.906551 0.906535 0.906629 0.906808 0.000015 0.906601 0.906463 0.907030 
0.726945 0.909618 0.909500 0.909082 0.909615 0.909138 0.000004 0.909473 0.909350 0.910439 
0.743235 0.923044 0.919892 0.919885 0.920160 0.919910 0.920706 0.920461 0.921180 0.920093 
0.750971 0.920904 0.923777 0.923639 0.923947 0.923747 0.924341 0.924162 0.924876 0.923873 
0.757666 0.927873 0.927139 0.926888 0.927225 0.927068 0.927487 0.927365 0.928075 0.927145 
0.762054 0.930350 0.929398 0.929177 0.929690 0.931669 0.929948 0.930380 0.930801 0.931305 
0.771204 0.935608 0.934542 0.933998 0.935048 0.934190 0.935189 0.935176 0.936754 0.935071 
0.783717 0.942371 0.940368 0.941864 0.942045 0.941411 0.941976 0.941956 0.942844 0.941818 
0.796922 0.949585 0.946953 0.949110 0.949483 0.949069 0.949240 0.949203 0.949412 0.949399 
0.796529 0.949355 0.946744 0.948611 0.949253 0.948886 0.949014 0.948970 0.949111 0.949164 
0.811470 0.956262 0.954080 0.953877 0.956772 0.955955 0.955382 0.955653 0.955770 0.955982 
0.819016 0.959373 0.957573 0.957634 0.960813 0.959936 0.959211 0.959539 0.959590 0.959945 
0.819798 0.960227 0.958275 0.957755 0.960906 0.961165 0.959730 0.959856 0.959738 0.961331 
0.829088 0.964370 0.963153 0.962403 0.963327 0.965561 0.963591 0.963205 0.963369 0.964221 
0.849021 0.972662 0.973001 0.971317 0.971825 0.972218 0.970703 0.971357 0.971929 0.971988 
0.849140 0.972917 0.973246 0.970685 0.971775 0.974344 0.972231 0.971820 0.972052 0.972878 
0.854106 0.974883 0.975563 0.973679 0.973863 0.974770 0.972778 0.973483 0.974117 0.974155 
0.866101 0.977358 0.978569 0.977605 0.977035 0.978028 0.977819 0.977742 0.978394 0.977942 
0.868614 0.978016 0.979358 0.978630 0.977814 0.978574 0.978647 0.977904 0.979334 0.978692 
0.874379 0.980637 0.980301 0.980607 0.979381 0.981086 0.980574 0.980290 0.981079 0.980749 
0.882577 0.983044 0.983691 0.982485 0.981695 0.983609 0.983034 0.982805 0.982186 0.983267 
0.888894 0.984498 0.984982 0.984354 0.983682 0.984913 0.984776 0.984555 0.984413 0.985027 
0.895387 0.986134 0.986470 0.986195 0.985301 0.987169 0.986849 0.986376 0.986540 0.986841 
0.901738 0.987456 0.987607 0.988154 0.987721 0.988065 0.988317 0.988114 0.988942 0.988607 
0.909213 0.991215 0.989031 0.990244 0.989039 0.988980 0.990347 0.990407 0.991279 0.989229 
0.915810 0.991905 0.990899 0.991494 0.990605 0.992119 0.991418 0.991489 0.992330 0.990074 
0.921242 0.992600 0.992324 0.992262 0.991451 0.992863 0.992161 0.992223 0.993118 0.991061 
0.927628 0.994193 0.993419 0.992842 0.993221 0.993272 0.993692 0.993374 0.994250 0.993228 
0.933516 0.995873 0.994157 0.994317 0.993231 0.994427 0.994477 0.994349 0.994916 0.994267 
0.939546 0.995188 0.994208 0.995219 0.997226 0.995520 0.995848 0.995385 0.994726 0.995437 
0.945604 0.995629 0.997868 0.996115 0.996012 0.996462 0.995760 0.995767 0.996674 0.995880 
0.951395 0.997041 0.996575 0.997762 0.997091 0.999222 0.996736 0.996896 0.997908 0.997112 
0.957188 0.997511 0.997490 0.997800 0.997547 0.996972 0.997463 0.997429 0.999033 0.997981 
0.963010 0.998307 0.998327 0.998697 0.998534 0.997637 0.998322 0.998272 0.998796 0.999102 
0.968572 0.998656 0.998644 0.998953 0.998826 0.999344 0.998636 0.998621 0.999991 0.999660 
0.973795 0.999011 0.999035 0.999343 0.999131 0.999978 0.999056 0.999189 0.999864 0.999596 
0.979269 0.999382 0.999444 0.999751 0.999450 0.999934 0.999497 0.999784 0.999731 0.999529 
0.984522 0.999882 0.999625 0.999937 0.999873 0.999951 0.999740 0.999844 0.999860 0.999896 
0.989752 0.999999 0.999882 0.999968 0.999981 0.999891 0.999857 0.999977 1.000000 0.999986 
0.994916 0.999964 0.999982 0.999982 0.999994 0.999964 0.999994 0.999992 1.000000 0.999991 
1.000000 0.999992 1.000000 1.000000 1.000000 0.000127 0.000343 0.000062 0.999998 0.000000 
