0.999963 0.999838 0.999464 0.900649 0.001222 0.999494 0.949866 0.003691 0.968012 0.359596 
0.999400 0.999582 0.992425 0.941222 0.000422 0.995273 0.990685 0.714897 0.999860 0.998653 
0.991352 0.000756 0.999362 0.028260 0.002205 0.999946 0.915248 0.000000 0.999954 0.998098 
0.983111 0.008215 0.981006 0.016391 0.005835 0.999833 0.944192 0.000004 0.998710 0.965996 
0.999187 0.134917 0.001656 0.128101 0.070352 0.003781 0.014006 0.335509 0.441099 0.999434 
0.998742 0.148951 0.003666 0.125852 0.087207 0.005678 0.201890 0.329584 0.438776 0.998407 
0.953456 0.028888 0.997483 0.995387 0.005086 0.126080 0.999045 0.996523 0.022877 0.006639 
0.953456 0.028888 0.928448 0.995387 0.005086 0.126080 0.999045 0.996523 0.011397 0.006639 
0.937122 0.962020 0.999968 0.010170 0.999920 0.002393 0.010637 0.945987 0.001319 0.006771 
0.941683 0.011053 0.826179 0.095737 0.002743 0.999777 0.998975 0.000116 0.999029 0.966613 
0.942173 0.038888 0.891108 0.995039 0.023314 0.003072 0.979625 0.955928 0.139700 0.022823 
0.922636 0.000944 0.198799 0.968934 0.223586 0.998270 0.085323 0.009771 0.923846 0.988065 
0.953456 0.028888 0.997483 0.700477 0.182656 0.126080 0.999045 0.996523 0.132443 0.006639 
0.941016 0.036719 0.899032 0.083230 0.023610 0.999434 0.983010 0.000322 0.992169 0.908484 
0.884639 0.139409 0.018732 0.001234 0.124235 0.007277 0.010916 0.918475 0.987646 0.955605 
0.881944 0.274218 0.999538 0.988744 0.081670 0.003158 0.598607 0.980766 0.088970 0.000771 
0.941668 0.079203 0.897670 0.985437 0.075388 0.101783 0.962104 0.955087 0.129433 0.024003 
0.856210 0.344324 0.951151 0.950813 0.105912 0.008680 0.433578 0.935296 0.218986 0.057719 
0.842121 0.065109 0.945811 0.217133 0.940006 0.341486 0.000308 0.001332 0.000037 0.813048 
0.831201 0.065268 0.945358 0.219221 0.936100 0.330885 0.000753 0.001768 0.000020 0.819267 
0.863284 0.036870 0.011326 0.765984 0.051601 0.194657 0.585131 0.000312 0.913281 0.034655 
0.826816 0.015790 0.075487 0.979731 0.003812 0.602433 0.266180 0.007957 0.933097 0.604659 
0.818206 0.063531 0.920373 0.241851 0.909671 0.338232 0.006940 0.004863 0.000242 0.813110 
0.777189 0.001967 0.169905 0.834338 0.180353 0.995159 0.097647 0.027307 0.939118 0.948617 
0.807164 0.070884 0.835825 0.916516 0.110409 0.170506 0.828406 0.932564 0.419648 0.028480 
0.841947 0.030218 0.311199 0.940537 0.391483 0.886368 0.398249 0.007155 0.936643 0.429014 
0.804780 0.003022 0.997767 0.977086 0.149104 0.969041 0.990135 0.241377 0.707761 0.759294 
0.825193 0.014832 0.187739 0.903430 0.115084 0.553933 0.234424 0.096869 0.779470 0.104123 
0.757855 0.097855 0.916393 0.905444 0.021143 0.376087 0.026615 0.819321 0.000119 0.004558 
0.668379 0.000758 0.006148 0.043462 0.000840 0.045986 0.000000 0.006813 0.853891 0.022419 
0.760595 0.002937 0.022549 0.992699 0.000225 0.984126 0.044094 0.857404 0.978085 0.896267 
0.745775 0.072009 0.932587 0.656110 0.155491 0.274960 0.073182 0.969293 0.000131 0.025384 
0.714876 0.005902 0.974008 0.018363 0.998542 0.016297 0.966178 0.018847 0.000162 0.819095 
0.749860 0.193411 0.847969 0.483384 0.225787 0.211242 0.169236 0.904260 0.050960 0.105838 
0.675273 0.051107 0.109688 0.200248 0.151919 0.930125 0.996176 0.029943 0.495884 0.863055 
0.640154 0.110112 0.124610 0.936846 0.054137 0.962463 0.893469 0.024467 0.058557 0.821170 
0.642435 0.001267 0.737976 0.226368 0.025055 0.025096 0.000879 0.899250 0.053911 0.716979 
0.645108 0.060311 0.779718 0.285356 0.057552 0.317541 0.029202 0.007271 0.289338 0.799040 
0.638789 0.125521 0.787072 0.045417 0.099136 0.343548 0.108017 0.031089 0.909804 0.241142 
0.615693 0.020485 0.064513 0.088359 0.022839 0.144834 0.000001 0.105954 0.794018 0.059492 
0.614359 0.033669 0.071506 0.098865 0.035699 0.159965 0.000895 0.117649 0.792502 0.160083 
0.618935 0.000999 0.866164 0.003181 0.011052 0.062193 0.007528 0.030863 0.998083 0.021720 
0.628808 0.111193 0.121510 0.932998 0.012309 0.970833 0.904169 0.027434 0.063174 0.820126 
0.634246 0.111767 0.119595 0.981243 0.036257 0.969455 0.903251 0.022365 0.041767 0.827277 
0.554382 0.778830 0.703657 0.195443 0.785888 0.172115 0.596500 0.110252 0.152706 0.113879 
0.559014 0.004405 0.940771 0.051947 0.996217 0.090599 0.741831 0.056572 0.443539 0.771327 
0.543623 0.732933 0.442464 0.656075 0.717806 0.962530 0.048313 0.737978 0.712117 0.294889 
0.563114 0.003009 0.730978 0.128501 0.093578 0.407366 0.016349 0.182234 0.477220 0.809868 
0.565363 0.009633 0.723614 0.127072 0.097660 0.402809 0.000425 0.185296 0.482315 0.811478 
0.539371 0.237682 0.829740 0.265849 0.117007 0.014329 0.019911 0.855014 0.797106 0.376402 
0.493230 0.029723 0.183178 0.982146 0.020745 0.724636 0.983806 0.228172 0.007429 0.663726 
0.453818 0.265898 0.643214 0.672245 0.013740 0.637064 0.490569 0.365863 0.354888 0.023993 
0.392206 0.111243 0.371410 0.112493 0.276996 0.549648 0.068313 0.561536 0.580736 0.313737 
0.390573 0.329220 0.664438 0.029833 0.527901 0.000773 0.069537 0.512068 0.644539 0.101248 
0.391744 0.027637 0.664045 0.041731 0.518379 0.012557 0.077334 0.498274 0.691971 0.099817 
0.391744 0.328048 0.664045 0.041731 0.518379 0.012557 0.077334 0.545103 0.691971 0.099817 
0.379797 0.143821 0.526544 0.636220 0.102781 0.745416 0.150706 0.550580 0.481882 0.766679 
0.391744 0.328048 0.664045 0.041731 0.518379 0.012557 0.077334 0.509361 0.691971 0.099817 
0.365108 0.150539 0.696159 0.358153 0.514055 0.467806 0.300770 0.245915 0.510829 0.482838 
0.365108 0.150539 0.696159 0.358153 0.514055 0.467806 0.300770 0.245915 0.591201 0.482838 
0.368471 0.922252 0.184000 0.456957 0.537463 0.679566 0.475569 0.763939 0.163542 0.416226 
0.253818 0.308478 0.240561 0.476737 0.636883 0.851262 0.911190 0.460802 0.446094 0.339991 
0.307126 0.480275 0.462511 0.447108 0.022491 0.729922 0.185552 0.128392 0.410237 0.087708 
0.254257 0.226357 0.338089 0.979365 0.661167 0.440195 0.278410 0.929276 0.621343 0.441810 
0.252264 0.304152 0.251641 0.484228 0.630033 0.852487 0.755986 0.459189 0.450789 0.346722 
0.258152 0.226506 0.337660 0.977653 0.660913 0.441026 0.278605 0.928599 0.620352 0.445773 
0.281573 0.999413 0.993939 0.999468 0.986154 0.068798 0.999717 0.008895 0.954341 0.991534 
0.259916 0.180855 0.694264 0.425809 0.554094 0.961737 0.830812 0.494223 0.290268 0.360247 
0.245860 0.474991 0.072338 0.543183 0.744899 0.276505 0.961483 0.417197 0.649403 0.313563 
0.241643 0.012008 0.555478 0.995616 0.247008 0.069421 0.005965 0.009529 0.346718 0.958660 
0.242848 0.538029 0.929452 0.568338 0.785792 0.652555 0.544721 0.400690 0.726371 0.303557 
0.245924 0.473650 0.780002 0.542648 0.744030 0.708283 0.596287 0.417549 0.647766 0.313776 
0.149117 0.224566 0.989181 0.999388 0.888149 0.938370 0.549308 0.931309 0.823053 0.157189 
0.149243 0.213346 0.968062 0.986508 0.825145 0.778218 0.575426 0.876870 0.791124 0.227173 
0.149175 0.219379 0.979418 0.993434 0.859022 0.864332 0.561383 0.885489 0.808292 0.189543 
0.149243 0.209742 0.988160 0.997495 0.836602 0.773441 0.579524 0.889111 0.818256 0.203155 
0.148685 0.996659 0.304690 0.992114 0.317953 0.039022 0.829261 0.919317 0.999148 0.950160 
0.145678 0.999534 0.051920 0.995934 0.168503 0.015990 0.946344 0.934673 0.871798 0.999873 
0.153476 0.203149 0.983268 0.961945 0.868494 0.814343 0.545882 0.964905 0.790786 0.196248 
0.149968 0.985741 0.349232 0.957166 0.885492 0.071409 0.837479 0.874714 0.987404 0.911094 
0.151020 0.984714 0.348960 0.956771 0.882944 0.071782 0.836541 0.873631 0.986863 0.910834 
0.145147 0.999961 0.004961 0.998649 0.079824 0.009135 0.959808 0.942089 0.857500 0.999960 
0.135202 0.959506 0.746667 0.309419 0.592418 0.527105 0.490499 0.373579 0.195702 0.296640 
0.043282 0.431659 0.994734 0.998861 0.980893 0.994178 0.816874 0.981029 0.935426 0.077134 
0.041300 0.011655 0.000181 0.011683 0.998397 0.934924 0.974524 0.157156 0.043082 0.079419 
0.040021 0.944613 0.979545 0.771026 0.048783 0.948696 0.696523 0.308626 0.018471 0.008737 
0.041452 0.170475 0.008263 0.916399 0.918364 0.815988 0.581243 0.269151 0.068238 0.924099 
0.045502 0.001085 0.672544 0.661842 0.952303 0.988609 0.084615 0.627805 0.988941 0.188363 
0.045939 0.240354 0.870444 0.014283 0.043533 0.005311 0.988727 0.974647 0.026212 0.000825 
0.061115 0.062159 0.003686 0.119618 0.995202 0.976329 0.891742 0.070927 0.142861 0.391851 
0.059601 0.198838 0.983268 0.961945 0.868494 0.714867 0.545882 0.964905 0.790786 0.196248 
0.063532 0.014450 0.032434 0.003712 0.000360 0.022507 0.990254 0.002884 0.999224 0.170725 
0.063999 0.095254 0.101981 0.213758 0.016122 0.558684 0.354809 0.332091 0.863822 0.170006 
0.062344 0.276549 0.446323 0.877250 0.702371 0.454384 0.428916 0.826853 0.654080 0.502794 
0.000053 0.327759 0.772161 0.015469 0.006121 0.047585 0.994965 0.996699 0.295990 0.052856 
0.000043 0.160579 0.209645 0.001991 0.791486 0.346079 0.584414 0.252666 0.830049 0.249566 
0.000292 0.240354 0.870444 0.014283 0.043533 0.005311 0.988727 0.974647 0.026212 0.000825 
0.000648 0.840099 0.814224 0.784752 0.851899 0.995403 0.976924 0.621554 0.163077 0.016479 
0.000636 0.274598 0.878601 0.013335 0.040637 0.069680 0.985416 0.974707 0.043301 0.058541 
0.001012 0.304126 0.513167 0.017363 0.457600 0.216397 0.756408 0.887030 0.434806 0.157681 
