1.000000 1.000000 1.000000 1.000000 1.000000 1.000000 1.000000 1.000000 1.000000 1.000000 
1.000000 1.000000 1.000000 1.000000 1.000000 1.000000 1.000000 1.000000 1.000000 1.000000 
1.000000 1.000000 1.000000 1.000000 1.000000 1.000000 1.000000 1.000000 1.000000 1.000000 
1.000000 1.000000 1.000000 1.000000 1.000000 1.000000 1.000000 1.000000 1.000000 1.000000 
1.000000 1.000000 1.000000 1.000000 1.000000 1.000000 1.000000 1.000000 1.000000 1.000000 
1.000000 1.000000 1.000000 1.000000 1.000000 1.000000 1.000000 1.000000 1.000000 1.000000 
0.959723 0.997532 0.997925 0.998214 0.997919 0.998272 0.998116 0.997883 0.997899 0.998035 
0.960159 0.998001 0.997926 0.998133 0.997919 0.998339 0.997383 0.998023 0.997899 0.998060 
0.960105 0.997497 0.997925 0.998222 0.997919 0.998286 0.998146 0.997870 0.997899 0.997970 
0.959684 0.999360 0.997925 0.998222 0.997919 0.998266 0.998182 0.997870 0.997899 0.997923 
0.959735 0.997655 0.997925 0.998226 0.999093 0.998254 0.998327 0.997905 0.997905 0.997982 
0.960159 0.998001 0.997926 0.998133 0.997919 0.999368 0.997383 0.998023 0.997899 0.998110 
0.960141 0.997465 0.999077 0.998120 0.997919 0.998287 0.998194 0.997859 0.997899 0.997965 
0.956832 0.997986 0.997926 0.998133 0.997919 0.997988 0.997369 0.998104 0.997899 0.998035 
0.960160 0.998003 0.997926 0.998132 0.997919 0.998339 0.997379 0.998024 0.997899 0.999292 
0.958426 0.998408 0.997925 0.998242 0.997919 0.998143 0.998979 0.998031 0.997927 0.998025 
0.960160 0.998020 0.997884 0.998133 0.997919 0.998341 0.997354 0.998029 0.999383 0.998064 
0.869450 0.980530 0.000523 0.980247 0.982708 0.979155 0.980369 0.980219 0.980222 0.979223 
0.861224 0.976233 0.000456 0.976649 0.976425 0.976419 0.976254 0.976152 0.975949 0.975987 
0.858520 0.975370 0.000459 0.975350 0.975235 0.975276 0.975451 0.975335 0.975091 0.975324 
0.858037 0.975214 0.000440 0.975119 0.974969 0.975435 0.974995 0.975189 0.975263 0.975214 
0.858367 0.975321 0.000047 0.975277 0.975168 0.975538 0.975406 0.975289 0.975042 0.975286 
0.858047 0.975219 0.000112 0.975123 0.974955 0.975439 0.975270 0.975193 0.974941 0.975222 
0.858047 0.975219 0.000460 0.975123 0.975027 0.975439 0.975311 0.975193 0.974941 0.975208 
0.858047 0.975219 0.000242 0.975123 0.974951 0.975439 0.975275 0.975193 0.974941 0.975222 
0.858047 0.975219 0.000249 0.975123 0.974951 0.975439 0.975275 0.975193 0.974941 0.975222 
0.766720 0.933405 0.935580 0.933925 0.933312 0.934133 0.934185 0.934880 0.932509 0.935592 
0.766720 0.928978 0.935580 0.933925 0.933312 0.934133 0.934185 0.934880 0.932509 0.935592 
0.753855 0.926856 0.927293 0.926040 0.926718 0.925972 0.926168 0.926843 0.924754 0.927754 
0.747799 0.923635 0.923101 0.922723 0.923057 0.922260 0.922414 0.922506 0.923381 0.923223 
0.746480 0.922751 0.922204 0.921881 0.922194 0.921396 0.921543 0.921637 0.922684 0.922335 
0.730076 0.911569 0.910819 0.912290 0.911367 0.911306 0.911342 0.912023 0.910128 0.910144 
0.719769 0.904719 0.903885 0.905399 0.904649 0.906361 0.904318 0.904801 0.903162 0.903602 
0.700640 0.892004 0.891015 0.892610 0.892181 0.891352 0.891280 0.891396 0.890231 0.891461 
0.692274 0.885199 0.884495 0.886330 0.885775 0.885013 0.884946 0.885152 0.883833 0.886282 
0.687815 0.882175 0.881395 0.883457 0.882814 0.882052 0.881965 0.882482 0.880799 0.880516 
0.670324 0.868757 0.867658 0.869658 0.869408 0.868066 0.867411 0.869154 0.867676 0.870274 
0.657650 0.857943 0.856755 0.859267 0.858286 0.857311 0.857475 0.858437 0.858018 0.858700 
0.647281 0.849899 0.848565 0.851315 0.850184 0.849170 0.851452 0.850472 0.849425 0.852438 
0.635656 0.840829 0.839830 0.841566 0.841165 0.840308 0.841229 0.841937 0.841404 0.844041 
0.626940 0.832403 0.831461 0.833460 0.832648 0.831683 0.832524 0.833366 0.832879 0.835089 
0.603790 0.811351 0.812322 0.812761 0.812234 0.812313 0.811280 0.812757 0.813752 0.813137 
0.599223 0.807198 0.808547 0.808678 0.808207 0.806251 0.807089 0.808691 0.809979 0.808807 
0.581619 0.791171 0.791943 0.792059 0.791691 0.790704 0.792469 0.791925 0.791169 0.791767 
0.570246 0.779771 0.780484 0.780765 0.780147 0.779353 0.780310 0.780327 0.779702 0.779547 
0.571583 0.781037 0.781908 0.782053 0.781442 0.780594 0.781545 0.781636 0.781099 0.780897 
0.539579 0.749513 0.750076 0.749914 0.749445 0.749231 0.751175 0.749445 0.749310 0.748666 
0.532960 0.742997 0.743487 0.743271 0.742831 0.742750 0.744896 0.742790 0.742596 0.741870 
0.522988 0.732060 0.732402 0.732245 0.731122 0.731808 0.729888 0.731907 0.731998 0.729024 
0.515789 0.724792 0.725077 0.724854 0.723284 0.724566 0.722207 0.724531 0.724732 0.721329 
0.480086 0.684291 0.683990 0.683461 0.684647 0.684314 0.683569 0.684357 0.686637 0.683523 
0.479906 0.684083 0.680603 0.683263 0.684432 0.684105 0.683357 0.684155 0.686402 0.683328 
0.459152 0.660132 0.660010 0.660566 0.659768 0.660103 0.658979 0.660956 0.659346 0.660793 
0.459203 0.660194 0.660043 0.660624 0.659758 0.660165 0.659033 0.661018 0.659404 0.660868 
0.429113 0.623877 0.624060 0.625613 0.623614 0.622498 0.624474 0.624482 0.624143 0.624053 
0.421352 0.614464 0.613788 0.615242 0.614408 0.613548 0.614751 0.615048 0.613116 0.614318 
0.413919 0.605626 0.605307 0.606789 0.605519 0.604592 0.606042 0.606275 0.603813 0.605558 
0.400357 0.588081 0.587523 0.588388 0.588785 0.588067 0.588857 0.589861 0.586550 0.587888 
0.389045 0.574087 0.572593 0.573627 0.575059 0.574791 0.574186 0.575009 0.573071 0.573760 
0.376010 0.557042 0.555280 0.556810 0.557065 0.556629 0.556747 0.557342 0.557744 0.556275 
0.366612 0.544543 0.543155 0.545277 0.545177 0.544497 0.544675 0.545094 0.544201 0.544106 
0.353877 0.528410 0.528748 0.528963 0.528003 0.526626 0.528049 0.527651 0.528555 0.527617 
0.342179 0.512242 0.511106 0.512958 0.512031 0.512846 0.512198 0.512282 0.512307 0.511823 
0.330403 0.495727 0.498740 0.496684 0.496303 0.496044 0.496179 0.495502 0.495769 0.496026 
0.319636 0.481120 0.480799 0.481815 0.481222 0.480686 0.481545 0.480700 0.480653 0.481605 
0.307206 0.462986 0.463853 0.464448 0.463671 0.463035 0.464186 0.463408 0.463036 0.464003 
0.295021 0.446503 0.446628 0.447913 0.447110 0.446618 0.447730 0.446801 0.446663 0.447426 
0.282948 0.429133 0.429349 0.430880 0.429668 0.429939 0.430658 0.429834 0.428624 0.430173 
0.270759 0.410556 0.412523 0.413988 0.412718 0.412877 0.413878 0.412866 0.411403 0.413369 
0.256613 0.392013 0.392127 0.392914 0.393047 0.393819 0.393095 0.391201 0.390291 0.392454 
0.247451 0.378154 0.378687 0.379719 0.378375 0.376729 0.380273 0.379334 0.377868 0.379426 
0.237420 0.362830 0.363931 0.365745 0.363645 0.365254 0.365351 0.364306 0.364722 0.358695 
0.226684 0.347195 0.348505 0.350386 0.348076 0.350001 0.349951 0.348854 0.349654 0.348473 
0.212489 0.326880 0.327176 0.328600 0.326828 0.328232 0.328321 0.327820 0.324509 0.327019 
0.201673 0.311570 0.312258 0.312204 0.315270 0.311525 0.311964 0.310898 0.311143 0.309930 
0.196638 0.304068 0.304308 0.304487 0.307030 0.303964 0.304375 0.302601 0.303362 0.302401 
0.182629 0.281983 0.283212 0.282908 0.282630 0.283697 0.283653 0.279663 0.282645 0.281372 
0.169746 0.263999 0.261852 0.263270 0.263019 0.263582 0.263848 0.263708 0.261810 0.262189 
0.163560 0.254960 0.252437 0.253494 0.253778 0.254192 0.254493 0.254458 0.252266 0.252814 
0.157804 0.245987 0.245910 0.245463 0.245829 0.246365 0.246989 0.245420 0.245899 0.243974 
0.142206 0.223759 0.221764 0.220717 0.221878 0.221782 0.222201 0.222525 0.219321 0.220454 
0.136330 0.212193 0.212742 0.211713 0.212827 0.211440 0.212275 0.214973 0.210628 0.211911 
0.128965 0.196349 0.200559 0.201641 0.201304 0.198947 0.200998 0.205940 0.199418 0.201456 
0.110149 0.172691 0.171895 0.171050 0.171933 0.172086 0.172081 0.172389 0.170137 0.170766 
0.103484 0.161964 0.161523 0.162771 0.162363 0.161740 0.161578 0.161995 0.159908 0.160577 
0.103484 0.161964 0.161523 0.160724 0.162363 0.161740 0.161578 0.161995 0.159908 0.160577 
0.084288 0.132291 0.131568 0.131383 0.131734 0.132457 0.131241 0.133128 0.130332 0.131681 
0.087115 0.136976 0.135893 0.135859 0.135998 0.137553 0.135625 0.136508 0.133885 0.135509 
0.073116 0.115088 0.114203 0.114509 0.114431 0.114988 0.113869 0.115940 0.113828 0.114169 
0.057352 0.090788 0.089928 0.089369 0.089806 0.089489 0.089084 0.089680 0.089882 0.089786 
0.054012 0.085607 0.084743 0.084203 0.084611 0.085363 0.083834 0.084448 0.084806 0.084664 
0.053497 0.081804 0.083935 0.083399 0.083803 0.084546 0.083045 0.083647 0.083986 0.083832 
0.045512 0.070449 0.071398 0.070945 0.071270 0.071515 0.070873 0.071254 0.071998 0.070860 
0.040759 0.064576 0.063954 0.063543 0.063823 0.064359 0.063546 0.063886 0.063671 0.064946 
0.032506 0.049254 0.051121 0.050756 0.050958 0.052400 0.050880 0.050889 0.051017 0.050087 
0.000000 0.976946 0.001457 0.000042 1.000000 0.999440 0.043159 0.866746 0.000001 0.998874 
0.000000 0.999190 0.007015 0.000007 0.856621 0.999845 0.255755 0.999988 0.000001 0.999591 
0.000000 0.996014 0.001906 0.000001 0.847730 0.999961 0.198022 0.999998 0.000000 0.999945 
0.000000 0.976946 0.001457 0.000042 1.000000 0.999440 0.043159 0.866746 0.635675 0.998874 
0.000000 0.999044 0.002608 0.376468 0.830700 0.999939 0.294653 0.999986 0.000001 0.817927 
