0.000000 0.340371 0.000302 0.359724 0.998351 0.996523 0.067359 0.959547 0.586718 0.999863 
0.000000 0.000798 0.002431 0.000185 0.999871 0.992573 0.342525 0.017215 0.999966 0.999991 
0.000000 0.582007 0.000087 0.615053 0.997423 0.998949 0.031677 0.993794 0.266220 0.999946 
0.000000 0.003748 0.001000 0.000032 0.999967 0.999909 0.873899 0.003325 0.999990 0.999999 
0.000000 0.000785 0.001200 0.000183 0.999867 0.991773 0.342787 0.016985 0.999967 0.981167 
0.000000 0.000798 0.022245 0.000185 0.999871 0.992573 0.342525 0.017215 0.999966 0.999991 
0.062975 0.098788 0.106629 0.099107 1.000000 0.098549 0.099152 0.100695 0.098935 0.999754 
0.062975 0.098789 0.097363 0.099098 0.958142 0.098485 0.099159 0.100713 0.098937 0.964276 
0.062975 0.098789 0.100666 0.099098 0.958214 0.098486 0.099159 0.100713 0.098937 0.965131 
0.062975 0.098789 0.100942 0.099098 0.959935 0.098484 0.099159 0.100713 0.098937 0.962828 
0.062975 0.098788 0.097246 0.099101 0.915902 0.098547 0.099156 0.100706 0.098936 0.999968 
0.062975 0.098788 0.096487 0.099100 0.918934 0.098524 0.099158 0.100709 0.098936 0.999971 
0.062975 0.098788 0.105590 0.099107 0.961130 0.098549 0.099152 0.100695 0.098935 0.999753 
0.062975 0.098788 0.106891 0.099092 0.968053 0.098549 0.099152 0.100695 0.098935 0.999749 
0.062975 0.098788 0.106629 0.099107 0.960644 0.098549 0.099152 0.100695 0.098935 0.999754 
0.062975 0.098787 0.108737 0.099331 0.985853 0.098550 0.099151 0.100693 0.098935 0.999859 
0.062975 0.098787 0.108870 0.099348 0.987132 0.098550 0.099151 0.100693 0.098935 0.999919 
0.200353 0.313675 0.312799 0.318980 0.310520 0.316523 0.309343 0.311308 0.308111 0.294948 
0.215317 0.331591 0.330991 0.333944 0.332164 0.333901 0.333017 0.327996 0.328931 0.327745 
0.220205 0.343817 0.338414 0.339526 0.339204 0.339466 0.340446 0.334091 0.339843 0.337509 
0.218835 0.339499 0.335933 0.337217 0.337037 0.337203 0.339583 0.331806 0.333497 0.337710 
0.219221 0.335666 0.336762 0.337914 0.338258 0.338010 0.339732 0.332501 0.332708 0.337300 
0.216868 0.334696 0.333161 0.335113 0.334042 0.335111 0.335101 0.329344 0.330012 0.330747 
0.219221 0.335666 0.336762 0.337914 0.338258 0.338010 0.339732 0.343574 0.332708 0.337300 
0.220041 0.336004 0.338015 0.338890 0.339726 0.339020 0.341345 0.333601 0.334607 0.339582 
0.215317 0.331591 0.330991 0.333944 0.332164 0.333901 0.333017 0.327996 0.328800 0.327745 
0.220493 0.344220 0.338760 0.339780 0.339332 0.339777 0.341044 0.334395 0.335087 0.338444 
0.218792 0.339440 0.333442 0.337175 0.336975 0.337155 0.339513 0.331759 0.333445 0.337612 
0.477685 0.682484 0.681048 0.682293 0.682590 0.681760 0.681884 0.681163 0.680776 0.682939 
0.477207 0.680643 0.681008 0.682258 0.682585 0.681724 0.681857 0.681133 0.680734 0.682914 
0.479594 0.682281 0.684002 0.685229 0.682423 0.684687 0.684090 0.683250 0.684168 0.684651 
0.479494 0.682322 0.683632 0.685126 0.682332 0.684572 0.683999 0.683118 0.684039 0.684522 
0.479494 0.682322 0.683632 0.685126 0.682131 0.684572 0.683999 0.683118 0.684039 0.684522 
0.477070 0.682827 0.680246 0.681304 0.682464 0.680744 0.680877 0.680362 0.679627 0.682273 
0.479501 0.682358 0.684477 0.685223 0.682348 0.684481 0.683894 0.683060 0.684022 0.684591 
0.482853 0.687358 0.686330 0.688962 0.688134 0.688014 0.688528 0.688136 0.688534 0.687307 
0.479509 0.682413 0.685282 0.685107 0.682353 0.684553 0.683839 0.683122 0.684024 0.684543 
0.479500 0.682393 0.685313 0.685298 0.685364 0.684387 0.683790 0.682999 0.683992 0.684646 
0.479508 0.682391 0.685330 0.685311 0.682362 0.684399 0.683800 0.683008 0.684007 0.684654 
0.488136 0.694754 0.689207 0.690696 0.694069 0.693221 0.695049 0.693696 0.695293 0.694169 
0.488186 0.689511 0.693941 0.699045 0.691738 0.693257 0.695173 0.693328 0.695351 0.693635 
0.488137 0.694700 0.689056 0.699605 0.694628 0.693221 0.695075 0.693527 0.695161 0.694144 
0.488137 0.694700 0.689056 0.699605 0.694628 0.693221 0.695075 0.693527 0.695294 0.694144 
0.488157 0.692632 0.693952 0.693511 0.685130 0.693235 0.695116 0.691585 0.695317 0.694183 
0.488181 0.690092 0.693938 0.698482 0.690517 0.693253 0.695162 0.695615 0.695345 0.693737 
0.488153 0.693019 0.694255 0.695663 0.684846 0.693233 0.694742 0.691649 0.695313 0.694238 
0.488159 0.692435 0.694349 0.693072 0.702778 0.693237 0.695120 0.691435 0.695319 0.694181 
0.488130 0.695448 0.691152 0.692342 0.686868 0.693216 0.694714 0.695869 0.695286 0.694487 
0.488147 0.693635 0.692963 0.693083 0.685746 0.693229 0.695154 0.693099 0.695306 0.689001 
0.488147 0.693638 0.693920 0.695043 0.683068 0.693229 0.695098 0.691047 0.695306 0.694357 
0.723330 0.000103 0.907984 0.906235 0.907723 0.907233 0.000018 0.907145 0.906766 0.907477 
0.723129 0.000010 0.907645 0.906093 0.907667 0.907095 0.000001 0.907011 0.906587 0.907487 
0.723317 0.000556 0.907956 0.906231 0.907717 0.907227 0.000001 0.907140 0.906760 0.907471 
0.725310 0.000020 0.908730 0.907545 0.908736 0.908180 0.000000 0.908049 0.907558 0.908081 
0.723419 0.000095 0.908150 0.906240 0.907731 0.907236 0.000006 0.907144 0.906736 0.907600 
0.721716 0.000163 0.906503 0.905133 0.906594 0.906147 0.000005 0.906076 0.906137 0.907710 
0.723572 0.000012 0.907865 0.906387 0.907884 0.908111 0.000001 0.907221 0.906784 0.907607 
0.724912 0.001266 0.910746 0.906999 0.908058 0.907963 0.000000 0.907829 0.907503 0.908185 
0.724910 0.000991 0.910746 0.906987 0.908517 0.907963 0.000000 0.907828 0.907503 0.908184 
0.725083 0.000002 0.910764 0.907005 0.908534 0.907981 0.000000 0.907846 0.907539 0.908264 
0.725803 0.000000 0.910453 0.907789 0.909322 0.908760 0.000000 0.908638 0.907574 0.907446 
0.733928 0.000008 0.921956 0.911923 0.913631 0.912797 0.000003 0.912497 0.911223 0.909719 
0.805474 0.953642 0.953722 0.953764 0.953572 0.000000 0.953702 0.000000 0.000000 0.950113 
0.805827 0.953749 0.953842 0.953885 0.953843 0.000003 0.953856 0.000000 0.000002 0.000000 
0.805899 0.953772 0.953867 0.953911 0.953895 0.000003 0.953889 0.000000 0.000001 0.000000 
0.805900 0.953773 0.953868 0.953911 0.953900 0.000001 0.953889 0.000000 0.000001 0.000000 
0.805899 0.953772 0.953867 0.953911 0.953900 0.000003 0.953889 0.000000 0.000001 0.000000 
0.805913 0.953786 0.953880 0.953925 0.953866 0.000003 0.953904 0.000000 0.000000 0.000005 
0.805970 0.953805 0.953901 0.953946 0.953903 0.000003 0.953931 0.000000 0.000000 0.000007 
0.806074 0.953853 0.953951 0.953999 0.953908 0.000002 0.953993 0.000000 0.000001 0.000013 
0.815044 0.957979 0.958195 0.958506 0.958236 0.000013 0.959349 0.000000 0.000003 0.003987 
0.822563 0.961386 0.961710 0.962232 0.961871 0.000024 0.963785 0.000001 0.000003 0.007142 
0.894954 0.985316 0.985963 0.985616 0.983770 0.989491 0.984023 0.987318 0.987073 0.988056 
0.894867 0.985459 0.985850 0.985630 0.983079 0.988506 0.984357 0.987476 0.987086 0.988672 
0.891710 0.985417 0.985142 0.985283 0.993577 0.986874 0.984016 0.984767 0.988238 0.983473 
0.894443 0.985402 0.984950 0.985188 0.993530 0.986442 0.983918 0.985295 0.988542 0.983764 
0.894875 0.985468 0.985869 0.985638 0.993250 0.988548 0.984366 0.987594 0.987095 0.982667 
0.894692 0.992498 0.987597 0.985448 0.984317 0.988369 0.983958 0.984997 0.986905 0.983282 
0.894681 0.993325 0.985459 0.985436 0.983799 0.987605 0.984165 0.984827 0.986894 0.983203 
0.894435 0.985403 0.984935 0.985182 0.993671 0.986398 0.983916 0.983961 0.988563 0.983702 
0.894785 0.985390 0.986586 0.985544 0.988764 0.994933 0.982177 0.986461 0.987001 0.983961 
0.894931 0.985948 0.993056 0.985601 0.980904 0.989392 0.984017 0.987114 0.987058 0.987636 
0.901726 0.987033 0.987953 0.986795 0.985768 0.995519 0.985679 0.983508 0.988062 0.000004 
0.908329 0.990520 0.989059 0.990688 0.988142 0.990163 0.988577 0.990950 0.992175 0.000792 
0.919059 0.992238 0.990990 0.992603 0.990788 0.993219 0.990042 0.992676 0.993491 0.000805 
0.921103 0.992521 0.991307 0.992910 0.991161 0.993487 0.991102 0.992959 0.993728 0.001605 
0.928518 0.993919 0.992737 0.993868 0.993370 0.994691 0.992797 0.993794 0.995395 0.002083 
0.934214 0.994336 0.993344 0.994877 0.993555 0.995210 0.997898 0.994770 0.995247 0.001199 
0.939512 0.995992 0.994858 0.995288 0.996644 0.996474 0.995310 0.995033 0.998130 0.002792 
0.949484 0.997245 0.997096 0.997199 0.996649 0.996186 0.996878 0.997219 0.997010 0.007647 
0.952238 0.997698 0.997649 0.997615 0.997179 0.996454 0.997496 0.997631 0.997328 0.000070 
0.959038 0.997840 0.997968 0.997669 0.999238 0.998633 0.998625 0.999639 0.999963 0.994071 
0.966498 0.998506 0.999810 0.998282 0.997103 0.999826 0.998977 0.996594 0.995037 0.995401 
0.968835 0.999750 0.999997 0.989878 1.000000 0.999678 0.999967 0.999883 1.000000 0.999991 
0.975345 0.999348 0.999495 0.993379 0.999890 0.998710 0.997230 0.999271 1.000000 0.999734 
0.979247 0.999424 0.999434 0.996132 0.999917 0.999693 0.999852 0.999540 1.000000 0.999947 
0.984726 0.999531 0.999348 0.999997 0.999956 0.999861 0.999960 0.999919 0.999620 0.000052 
0.990924 0.999755 0.999861 0.998032 0.999950 0.999495 0.999787 0.999965 1.000000 0.999922 
0.995084 0.999797 0.999177 0.998851 0.999653 0.996523 0.999946 0.999964 0.999998 0.999937 
1.000000 0.999783 1.000000 1.000000 1.000000 0.000127 0.001901 0.000138 0.999617 0.000000 
