0.000000 0.340371 0.000302 0.359724 0.998351 0.996523 0.067359 0.959547 0.586718 0.999863 
0.000000 0.000798 0.002431 0.000185 0.999871 0.992573 0.342525 0.017215 0.999966 0.999991 
0.000000 0.582007 0.000087 0.615053 0.997423 0.998949 0.031677 0.993794 0.266220 0.999946 
0.000000 0.003748 0.001000 0.000032 0.999967 0.999909 0.873899 0.003325 0.999990 0.999999 
0.000000 0.000785 0.001200 0.000183 0.999867 0.991773 0.342787 0.016985 0.999967 0.981167 
0.000000 0.000798 0.022245 0.000185 0.999871 0.992573 0.342525 0.017215 0.999966 0.999991 
0.062852 0.101809 0.999459 0.100177 1.000000 0.098368 0.101514 0.098624 0.097633 0.999740 
0.063067 0.098723 0.998986 0.101255 1.000000 0.098686 0.101524 0.102137 0.099868 0.997894 
0.062737 0.102107 0.999941 0.098678 1.000000 0.098110 0.101509 0.102137 0.098207 0.999839 
0.063105 0.101440 0.999974 0.101419 1.000000 0.098762 0.101526 0.101568 0.099430 0.997876 
0.062956 0.101642 0.999030 0.100680 1.000000 0.098454 0.101519 0.102113 0.099071 0.999929 
0.063054 0.100967 0.999023 0.101153 1.000000 0.098664 0.101524 0.102137 0.099802 0.997971 
0.062838 0.102167 0.998928 0.098365 1.000000 0.098289 0.101514 0.102137 0.099823 0.999636 
0.063154 0.101369 0.999742 0.101660 1.000000 0.098839 0.101528 0.102137 0.099778 0.997515 
0.063154 0.101369 0.999742 0.101660 1.000000 0.098839 0.101528 0.102137 0.099778 0.997515 
0.063262 0.101179 0.999690 0.102429 1.000000 0.099027 0.101533 0.102137 0.100183 0.999288 
0.062564 0.102236 0.998185 0.098442 1.000000 0.097720 0.101500 0.102081 0.097649 0.999955 
0.217213 0.336725 0.331299 0.335463 0.335090 0.334693 0.338248 0.336202 0.334549 0.999957 
0.213316 0.331980 0.323188 0.331106 0.330312 0.329154 0.332206 0.335151 0.329074 0.999932 
0.220802 0.343977 0.338480 0.339478 0.340243 0.339795 0.343811 0.337853 0.336609 0.995284 
0.215367 0.333206 0.326707 0.333407 0.332429 0.332070 0.335382 0.337927 0.330499 0.999952 
0.220864 0.343681 0.340375 0.339526 0.340350 0.339877 0.343912 0.332792 0.336756 0.999967 
0.220847 0.344170 0.343063 0.339607 0.340220 0.339879 0.343872 0.335438 0.336120 1.000000 
0.220742 0.345638 0.335689 0.339446 0.340123 0.339718 0.343710 0.336931 0.336422 0.999999 
0.220690 0.343433 0.335610 0.339370 0.340072 0.339640 0.343630 0.345374 0.336503 0.999999 
0.220787 0.347557 0.335758 0.339512 0.340167 0.339786 0.343779 0.341598 0.336351 0.999999 
0.220710 0.344421 0.335638 0.339407 0.340084 0.339672 0.343660 0.345440 0.336390 0.999999 
0.213198 0.322783 0.322989 0.330973 0.330155 0.328986 0.332023 0.334986 0.328956 0.999977 
0.479800 0.684897 0.679485 0.684907 0.682703 0.684118 0.677267 0.683184 0.683554 0.684688 
0.479802 0.684334 0.679482 0.691412 0.682701 0.684541 0.684610 0.682420 0.683557 0.685584 
0.476885 0.683710 0.678719 0.687302 0.679190 0.680654 0.680867 0.678614 0.679650 0.678846 
0.479800 0.687141 0.679486 0.683492 0.682703 0.685192 0.677452 0.683182 0.683553 0.683575 
0.479803 0.682908 0.679476 0.693028 0.682702 0.684564 0.683514 0.682528 0.683558 0.685261 
0.479798 0.680061 0.679495 0.684189 0.682701 0.685313 0.676979 0.683216 0.683552 0.685254 
0.479803 0.682959 0.679476 0.693070 0.682702 0.684559 0.683613 0.682518 0.683558 0.682394 
0.479797 0.687939 0.679503 0.682934 0.682700 0.685389 0.677164 0.683210 0.683550 0.685115 
0.474732 0.680906 0.672756 0.684153 0.675999 0.677681 0.679591 0.675654 0.676767 0.674128 
0.481303 0.682496 0.681464 0.695972 0.685948 0.686575 0.684875 0.684540 0.685567 0.688559 
0.479803 0.682427 0.679462 0.690236 0.682707 0.684921 0.677015 0.683158 0.683558 0.685261 
0.488166 0.695635 0.692980 0.699462 0.689924 0.693303 0.695367 0.696243 0.695156 0.681857 
0.488172 0.697858 0.693912 0.699213 0.686158 0.693256 0.695155 0.696170 0.695281 0.682089 
0.490211 0.699029 0.691401 0.699816 0.697661 0.693381 0.695759 0.696375 0.702135 0.681567 
0.487957 0.697735 0.694177 0.699149 0.703134 0.693243 0.695091 0.696148 0.694558 0.682145 
0.487875 0.699315 0.694748 0.700121 0.703097 0.693214 0.694960 0.696103 0.694293 0.683617 
0.488690 0.684135 0.689215 0.690786 0.693819 0.693492 0.696234 0.696540 0.696975 0.682531 
0.489141 0.714405 0.692649 0.699517 0.700120 0.693319 0.695459 0.696273 0.699518 0.690760 
0.488148 0.699981 0.689229 0.700455 0.703785 0.693494 0.695566 0.696540 0.694656 0.683562 
0.490305 0.697685 0.691292 0.699843 0.697446 0.684219 0.695785 0.696384 0.702364 0.680763 
0.489013 0.701426 0.696900 0.701348 0.705971 0.694437 0.696418 0.698031 0.691624 0.683340 
0.491815 0.704857 0.691450 0.693128 0.723485 0.695226 0.697878 0.698159 0.697866 0.699903 
0.721778 0.005348 0.906083 0.906011 0.903667 0.906033 0.000002 0.000477 0.905886 0.000045 
0.721776 0.005356 0.906080 0.906013 0.903658 0.906032 0.000000 0.000472 0.905883 0.000045 
0.723159 0.003514 0.907356 0.905986 0.907035 0.906658 0.000000 0.004363 0.907448 0.004161 
0.723188 0.005703 0.907663 0.905576 0.907303 0.906919 0.000008 0.001023 0.906998 0.002499 
0.722353 0.007147 0.906376 0.906143 0.904279 0.906322 0.000001 0.000047 0.906150 0.000465 
0.722353 0.007147 0.906376 0.906143 0.904279 0.906322 0.000001 0.000545 0.906150 0.000465 
0.723170 0.004383 0.907478 0.905824 0.907141 0.906761 0.000003 0.003037 0.907270 0.006120 
0.723882 0.006728 0.907677 0.906047 0.906312 0.907119 0.000001 0.006252 0.907871 0.001259 
0.722558 0.001781 0.907686 0.905157 0.907528 0.906606 0.000007 0.002569 0.907246 0.000046 
0.723596 0.002754 0.907776 0.905968 0.908158 0.906854 0.000000 0.005701 0.907971 0.001150 
0.724881 0.015071 0.907665 0.906724 0.906972 0.907592 0.000002 0.000842 0.907310 0.002312 
0.805235 0.953602 0.952782 0.953719 0.953567 0.000008 0.953917 0.000000 0.000026 0.000001 
0.805228 0.953600 0.952779 0.953717 0.953564 0.000021 0.953914 0.000000 0.000026 0.000001 
0.805241 0.953604 0.952784 0.953722 0.953569 0.000059 0.953920 0.000000 0.000026 0.000002 
0.805448 0.953673 0.952868 0.953799 0.953648 0.000054 0.954021 0.000001 0.000000 0.000024 
0.805207 0.953593 0.952770 0.953709 0.953556 0.000063 0.953904 0.000000 0.000027 0.000008 
0.805476 0.953683 0.952879 0.953810 0.953659 0.000053 0.954035 0.000004 0.000011 0.000004 
0.805495 0.953689 0.952887 0.953817 0.953666 0.000053 0.954044 0.000001 0.000008 0.000029 
0.805476 0.953683 0.952879 0.953810 0.953659 0.000053 0.954035 0.000004 0.000024 0.000004 
0.806120 0.953898 0.953140 0.954052 0.953906 0.000037 0.954350 0.000006 0.000019 0.000010 
0.814439 0.956592 0.956549 0.957209 0.956905 0.000255 0.958243 0.000118 0.000384 0.000168 
0.822392 0.958160 0.959929 0.960347 0.959770 0.000052 0.960918 0.000044 0.006570 0.002086 
0.894539 0.987732 0.986732 0.985152 0.984169 0.988109 0.984064 0.000569 0.989102 0.000099 
0.894413 0.987900 0.987209 0.987941 0.984520 0.992135 0.984374 0.000167 0.987561 0.000201 
0.895734 0.987900 0.987209 0.987941 0.984520 0.992812 0.984374 0.000167 0.987561 0.000201 
0.894671 0.988133 0.986967 0.988194 0.984183 0.991426 0.984103 0.000541 0.989621 0.000270 
0.894633 0.988152 0.986962 0.988096 0.984172 0.992078 0.984096 0.000539 0.989746 0.000274 
0.888414 0.995628 0.985554 0.986483 0.982555 0.985320 0.982324 0.000625 0.983722 0.000213 
0.894458 0.987718 0.986713 0.985132 0.994513 0.988092 0.984116 0.000570 0.989089 0.000099 
0.894559 0.988032 0.987072 0.981805 0.984329 0.991734 0.984221 0.000378 0.988727 0.000240 
0.895734 0.987900 0.987209 0.987941 0.984520 0.975219 0.984374 0.000167 0.987561 0.000201 
0.895378 0.987810 0.987062 0.987867 0.984373 0.974729 0.984234 0.000582 0.987452 0.000197 
0.901613 0.988515 0.988590 0.988542 0.985607 0.975395 0.985366 0.000601 0.982695 0.000500 
0.910652 0.991226 0.990305 0.993133 0.994744 0.993622 0.988839 0.981171 0.991913 0.000001 
0.921713 0.993066 0.994735 0.993250 0.992263 0.994894 0.992070 0.000154 0.994065 0.000324 
0.930990 0.994115 0.995425 0.994185 0.993420 0.995942 0.993430 0.000131 0.994744 0.000258 
0.931330 0.994166 0.995443 0.994233 0.993470 0.996031 0.993493 0.000130 0.994777 0.000037 
0.934495 0.994559 0.995827 0.994735 0.993936 0.996188 0.994017 0.000180 0.995220 0.000603 
0.941118 0.995636 0.995172 0.995620 0.994914 0.998594 0.995314 0.000106 0.995746 0.000061 
0.947592 0.995956 0.997021 0.996918 0.995609 0.997304 0.995706 0.000092 0.996615 0.000427 
0.953630 0.996583 0.997542 0.997933 0.996360 0.997854 0.998637 0.000246 0.997225 0.000070 
0.957078 0.998172 0.998092 0.997801 0.997892 0.998795 0.998685 0.000043 0.997368 0.000004 
0.963810 0.997686 0.998500 0.999621 0.997680 0.998686 0.997798 0.000298 0.998343 0.000210 
0.968406 0.999979 0.999992 0.998940 0.998660 0.999999 0.999525 0.000021 0.998699 0.000004 
0.974744 0.999361 0.998935 0.999390 0.999313 0.999989 0.999796 0.000229 0.999977 0.000007 
0.979216 0.999330 0.999905 0.999195 0.999647 0.999999 0.999785 0.000360 0.999984 0.000004 
0.984593 0.999964 0.999967 0.999731 0.999907 0.999793 0.999896 0.000382 0.999994 0.000001 
0.989927 0.999944 0.999818 0.999732 0.999908 0.999946 0.999939 0.000005 0.999862 0.000003 
0.994919 0.999741 0.999997 0.999555 0.999817 0.999964 0.999968 0.000124 0.999904 0.000003 
1.000000 0.999783 1.000000 1.000000 1.000000 0.000127 0.017709 0.000138 0.999617 0.000000 
