0.000002 0.450940 0.643606 0.703090 0.471781 0.349998 0.698607 0.826197 0.432233 0.894051 
0.000002 0.915112 0.369203 0.467916 0.304646 0.186339 0.459410 0.893031 0.177997 0.745734 
0.000005 0.237139 0.006967 0.025524 0.060032 0.034913 0.903595 0.985096 0.058644 0.420988 
0.000004 0.288329 0.159397 0.187753 0.158617 0.110354 0.729893 0.947051 0.148093 0.534254 
0.000004 0.735487 0.339202 0.512902 0.229784 0.167298 0.391033 0.916526 0.205597 0.595997 
0.000004 0.655476 0.346023 0.434652 0.202530 0.146043 0.473326 0.927535 0.182004 0.116798 
0.064560 0.998847 0.944807 0.886775 0.890867 0.997810 0.005520 0.006021 0.019974 0.044242 
0.068862 0.141494 0.998579 0.050913 0.995478 0.002487 0.997977 0.932496 0.086702 0.847371 
0.068314 0.978010 0.876374 0.978092 0.695044 0.976992 0.047222 0.089146 0.673997 0.073576 
0.068332 0.995735 0.873219 0.998643 0.739690 0.997668 0.027219 0.071768 0.691729 0.057260 
0.068302 0.995760 0.873781 0.997766 0.689723 0.997669 0.027048 0.071252 0.686458 0.057157 
0.070128 0.982550 0.972985 0.943549 0.899449 0.985452 0.013438 0.003420 0.106650 0.214809 
0.066759 0.951262 0.898204 0.807617 0.731434 0.994885 0.065586 0.010333 0.416069 0.126156 
0.067351 0.000879 0.999524 0.973898 0.085501 0.004654 0.998771 0.127540 0.010211 0.000168 
0.070191 0.999651 0.972715 0.943946 0.913990 0.995606 0.001666 0.000691 0.051236 0.219252 
0.094542 0.720787 0.123107 0.997316 0.948792 0.731549 0.973348 0.950880 0.975724 0.907265 
0.067450 0.020011 0.998241 0.931408 0.209433 0.031328 0.983262 0.081400 0.008159 0.029325 
0.223237 0.318615 0.370037 0.986299 0.686385 0.358593 0.355391 0.731478 0.326448 0.447273 
0.223457 0.331050 0.373035 0.991953 0.686189 0.375813 0.364345 0.706853 0.289362 0.454105 
0.237438 0.331050 0.373035 0.991953 0.686189 0.375813 0.364345 0.706853 0.289362 0.454105 
0.221637 0.351945 0.358820 0.966526 0.681288 0.128396 0.305128 0.873716 0.962948 0.433604 
0.208923 0.253639 0.022843 0.928858 0.991004 0.367414 0.049299 0.994118 0.259369 0.279345 
0.203703 0.256752 0.012271 0.922657 0.992801 0.361331 0.020345 0.943345 0.235810 0.267296 
0.208131 0.260010 0.004143 0.925695 0.979356 0.361966 0.035429 0.997681 0.242880 0.275487 
0.208131 0.260010 0.028090 0.925695 0.979356 0.361966 0.035429 0.997681 0.238158 0.275487 
0.203644 0.296078 0.000228 0.857083 0.991885 0.701804 0.009880 0.999128 0.370235 0.253647 
0.222177 0.211519 0.359613 0.973021 0.681261 0.240533 0.303513 0.892293 0.901622 0.405552 
0.212813 0.222367 0.119517 0.997302 0.966279 0.007297 0.117380 0.993158 0.337045 0.298281 
0.486400 0.713698 0.667974 0.622354 0.363885 0.709481 0.034774 0.665629 0.716094 0.674219 
0.357322 0.025529 0.968695 0.024187 0.566536 0.005612 0.086799 0.490644 0.615864 0.006112 
0.371615 0.005651 0.999994 0.004083 0.584984 0.002883 0.083414 0.491165 0.640470 0.001684 
0.457477 0.660896 0.590835 0.561624 0.300887 0.684025 0.057481 0.621827 0.686067 0.582935 
0.486400 0.713698 0.667974 0.622354 0.363885 0.709481 0.051023 0.665629 0.833818 0.674219 
0.486400 0.713698 0.667974 0.622354 0.363885 0.709481 0.051023 0.665629 0.841752 0.674219 
0.486400 0.713698 0.667974 0.622354 0.363885 0.709481 0.051023 0.665629 0.925736 0.674219 
0.457477 0.660896 0.590835 0.561624 0.300887 0.684025 0.057481 0.372016 0.686067 0.582935 
0.451142 0.731747 0.627228 0.614544 0.268969 0.711726 0.093265 0.596861 0.700435 0.999969 
0.461242 0.726577 0.638899 0.619624 0.296158 0.711083 0.077096 0.616560 0.740468 0.906657 
0.460300 0.727059 0.637812 0.616573 0.293624 0.711143 0.078072 0.614724 0.733536 0.915354 
0.615981 0.047165 0.194615 0.099197 0.058914 0.203707 0.026451 0.804836 0.117395 0.136907 
0.608149 0.035532 0.187776 0.105601 0.010319 0.202176 0.015263 0.857454 0.117626 0.146019 
0.588779 0.367709 0.299612 0.002262 0.786132 0.805001 0.186154 0.052264 0.134624 0.013290 
0.543571 0.000869 0.064845 0.145149 0.001140 0.133232 0.000030 0.999552 0.731402 0.026727 
0.569920 0.003697 0.159696 0.139377 0.002425 0.146489 0.000065 0.997355 0.750732 0.037599 
0.588779 0.367709 0.299612 0.002262 0.786132 0.805001 0.186154 0.232248 0.134624 0.013290 
0.584179 0.218544 0.295365 0.004861 0.774806 0.226256 0.191282 0.029675 0.114000 0.002663 
0.607725 0.830706 0.952525 0.771471 0.768289 0.012241 0.233220 0.010306 0.009176 0.256447 
0.586217 0.219078 0.296804 0.004938 0.771003 0.225442 0.193436 0.030248 0.113685 0.002918 
0.603561 0.730913 0.811826 0.595293 0.772094 0.063562 0.223103 0.019342 0.036038 0.203814 
0.614463 0.254656 0.798469 0.078382 0.599261 0.037316 0.117488 0.177406 0.103056 0.135430 
0.705676 0.007770 0.892054 0.006567 0.949618 0.007986 0.001111 0.149259 0.009108 0.101172 
0.704754 0.000398 0.897004 0.000206 0.990942 0.000000 0.000056 0.167450 0.001772 0.086532 
0.703874 0.002441 0.877450 0.001876 0.979223 0.000012 0.001066 0.165396 0.009627 0.124729 
0.705749 0.000003 0.919131 0.000012 0.998102 0.000000 0.000012 0.169774 0.000666 0.043310 
0.702850 0.004819 0.854687 0.003820 0.965580 0.000026 0.002241 0.163005 0.006877 0.169193 
0.684107 0.895928 0.121076 0.066537 0.006809 0.169005 0.857094 0.061828 0.261543 0.137743 
0.684107 0.895928 0.121076 0.066537 0.006809 0.169005 0.857094 0.061828 0.313412 0.137743 
0.700641 0.096698 0.892834 0.097702 0.988080 0.098129 0.205944 0.219382 0.000567 0.087268 
0.684211 0.876638 0.006014 0.087123 0.083112 0.174571 0.818720 0.063343 0.267665 0.234329 
0.718767 0.851688 0.468469 0.076289 0.017209 0.157659 0.825877 0.138727 0.310172 0.900300 
0.715256 0.570625 0.032063 0.171411 0.166878 0.239088 0.360249 0.094755 0.904725 0.034836 
0.790442 0.948317 0.958731 0.937537 0.944985 0.005543 0.175834 0.003749 0.000827 0.208392 
0.801603 0.965681 0.966981 0.962614 0.958918 0.005347 0.178591 0.001365 0.000306 0.211431 
0.804166 0.003512 0.990009 0.010119 0.961413 0.000188 0.070580 0.000945 0.000893 0.149425 
0.787860 0.983576 0.985836 0.959485 0.948535 0.113632 0.098556 0.001505 0.000370 0.134753 
0.784815 0.987542 0.971136 0.958791 0.946234 0.093734 0.080817 0.001536 0.000384 0.219355 
0.789816 0.981029 0.995276 0.959930 0.950013 0.098221 0.109946 0.001485 0.000361 0.145666 
0.805500 0.016877 0.972951 0.009456 0.879087 0.025517 0.073533 0.051970 0.000823 0.219163 
0.819665 0.157675 0.070206 0.020793 0.034190 0.002372 0.129870 0.603829 0.013526 0.962839 
0.820463 0.175341 0.008593 0.194813 0.003229 0.302864 0.105733 0.421775 0.012066 0.967543 
0.820470 0.175497 0.008051 0.196345 0.058160 0.305510 0.105520 0.420172 0.012053 0.967584 
0.820448 0.162412 0.064370 0.011634 0.033223 0.000604 0.129893 0.589915 0.013769 0.985174 
0.885706 0.006726 0.979110 0.004623 0.991767 0.000233 0.022084 0.006400 0.002245 0.136053 
0.885706 0.006726 0.979110 0.004623 0.991767 0.000233 0.022084 0.006400 0.007367 0.136053 
0.881784 0.008027 0.978271 0.006979 0.989842 0.000305 0.025052 0.001060 0.002587 0.139031 
0.880107 0.002038 0.995589 0.002105 0.998353 0.000020 0.009650 0.001901 0.002412 0.004581 
0.880107 0.001090 0.995589 0.002105 0.998353 0.000020 0.009650 0.001901 0.002412 0.036312 
0.880107 0.002038 0.995589 0.002105 0.998353 0.000020 0.009650 0.001901 0.002412 0.036312 
0.880043 0.000075 0.999474 0.036551 0.999957 0.000001 0.009216 0.031000 0.000145 0.003140 
0.900488 0.077647 0.017752 0.066967 0.987684 0.312810 0.025265 0.020903 0.993237 0.173999 
0.900682 0.099445 0.004891 0.067865 0.988797 0.309878 0.023766 0.020619 0.992571 0.171949 
0.900494 0.095453 0.015995 0.066213 0.989560 0.311333 0.023813 0.018415 0.993361 0.172275 
0.902538 0.092778 0.003646 0.067722 0.996665 0.311096 0.016875 0.020094 0.998738 0.134873 
0.965641 0.000210 0.999899 0.001962 0.999951 0.000104 0.000203 0.000573 0.000008 0.101924 
0.952623 0.000025 0.999749 0.055492 0.999989 0.000000 0.003475 0.002369 0.000028 0.000017 
0.940267 0.002178 0.995937 0.000954 0.996193 0.000002 0.004259 0.000556 0.000522 0.070172 
0.941182 0.003525 0.990361 0.002904 0.996264 0.000088 0.013595 0.003329 0.003984 0.067957 
0.960774 0.005977 0.005808 0.002972 0.999965 0.273352 0.011902 0.000266 0.999966 0.110215 
0.964208 0.002850 0.003707 0.001018 0.999998 0.374607 0.008872 0.000065 0.999999 0.100718 
0.965517 0.000910 0.963984 0.000278 0.991435 0.000002 0.000450 0.182638 0.004642 0.106212 
0.954312 0.997971 0.009812 0.298505 0.003941 0.079646 0.041042 0.999561 0.961521 0.116779 
0.965585 0.086382 0.075533 0.058090 0.989928 0.389824 0.098433 0.107819 0.986417 0.183865 
0.966159 0.314615 0.125279 0.279308 0.998411 0.074155 0.527662 0.085287 0.999849 0.000746 
0.968782 0.044171 0.000010 0.274698 0.998380 0.550664 0.561268 0.112487 0.999936 0.001135 
0.999901 0.997949 0.999886 0.999945 0.114557 0.999855 0.999997 0.000066 0.997303 0.050580 
0.999901 0.997949 0.999886 0.999945 0.170482 0.999855 0.999997 0.000066 0.997303 0.050580 
0.999988 0.999481 0.999947 0.999984 0.572323 0.999964 1.000000 0.000011 0.999596 0.002415 
0.999992 0.999910 0.999966 0.999993 0.894751 0.999935 0.596033 0.000018 0.983777 0.003756 
0.999985 0.221497 0.999944 0.999985 0.546908 0.999967 0.995728 0.000012 0.999173 0.003429 
0.999995 0.303196 0.035994 0.001873 0.204433 0.897988 0.967779 0.861568 0.153321 0.078836 
