0.000000 0.197770 1.000000 0.012687 0.000001 0.987446 0.378748 0.999991 0.999493 0.999816 
0.009123 0.009144 0.005867 0.009764 0.999812 0.009877 0.009783 0.002162 0.008844 0.013602 
0.017870 0.025531 0.021428 0.023977 0.267379 0.019864 0.028480 0.026146 0.011911 0.034050 
0.024759 0.038417 0.031808 0.036123 0.929040 0.038141 0.037819 0.037474 0.043735 0.045126 
0.020681 0.030797 0.026428 0.028544 0.032032 0.023073 0.034488 0.032306 0.036611 0.040620 
0.038116 0.053223 0.054551 0.051260 0.998034 0.028570 0.069300 0.055491 0.056890 0.059873 
0.049451 0.037488 0.054351 0.076556 0.919966 0.071246 0.077553 0.116780 0.065977 0.059336 
0.055289 0.089400 0.076559 0.079080 0.929773 0.085269 0.097085 0.103864 0.087793 0.079439 
0.058522 0.093324 0.082298 0.083316 0.904108 0.090610 0.098685 0.106688 0.092737 0.082492 
0.058800 0.099101 0.083463 0.083900 0.725276 0.091059 0.103576 0.106465 0.094188 0.085842 
0.080254 0.123759 0.131770 0.119550 0.191769 0.148085 0.129367 0.140948 0.132464 0.048993 
0.084889 0.127792 0.138431 0.123930 0.077036 0.153814 0.130885 0.143079 0.138930 0.072133 
0.089848 0.145193 0.151748 0.125977 0.180846 0.162377 0.148172 0.154449 0.157251 0.127027 
0.087106 0.128392 0.140253 0.110590 0.122140 0.142563 0.057011 0.139928 0.139470 0.090564 
0.081057 0.124458 0.132924 0.120309 0.170768 0.149078 0.129630 0.152342 0.133584 0.053004 
0.117425 0.164837 0.186867 0.160501 0.179990 0.187926 0.127846 0.158149 0.182835 0.138123 
0.124092 0.188654 0.197109 0.171038 0.224393 0.206554 0.191606 0.198565 0.198550 0.174011 
0.136580 0.200384 0.233163 0.180115 0.220478 0.218556 0.176560 0.203596 0.214512 0.158593 
0.143606 0.212494 0.218191 0.193443 0.245377 0.228285 0.214340 0.218761 0.222175 0.196534 
0.145350 0.218393 0.222384 0.197361 0.221846 0.232258 0.270797 0.219857 0.224185 0.208920 
0.156211 0.238848 0.242583 0.216009 0.263714 0.221659 0.261435 0.242731 0.235697 0.237429 
0.160633 0.253177 0.250691 0.224982 0.271021 0.254016 0.246542 0.253221 0.239813 0.205629 
0.166868 0.263161 0.261653 0.233365 0.274949 0.248792 0.256896 0.262017 0.257378 0.217199 
0.171651 0.266901 0.266046 0.238086 0.275408 0.225368 0.275624 0.270560 0.255350 0.247451 
0.160766 0.253461 0.253186 0.225233 0.271214 0.254215 0.247269 0.253457 0.239954 0.205627 
0.188635 0.297758 0.291855 0.262369 0.288270 0.229448 0.291232 0.292549 0.276969 0.258476 
0.161505 0.222584 0.254007 0.231717 0.266008 0.249621 0.238755 0.248816 0.245524 0.279011 
0.159343 0.247658 0.250360 0.223062 0.268590 0.213937 0.243979 0.250285 0.238809 0.210887 
0.216943 0.341791 0.331693 0.314832 0.370938 0.323456 0.329015 0.337379 0.308748 0.270799 
0.223036 0.346076 0.339127 0.323707 0.377081 0.331300 0.367335 0.342171 0.316955 0.284002 
0.221968 0.346076 0.339127 0.323707 0.377081 0.331300 0.380717 0.342171 0.316955 0.284002 
0.236889 0.360173 0.371910 0.351188 0.389761 0.352853 0.392180 0.362646 0.337645 0.293271 
0.244241 0.375336 0.379562 0.364891 0.395713 0.366316 0.399774 0.363757 0.351530 0.326389 
0.250730 0.374907 0.414662 0.381215 0.384884 0.382784 0.327552 0.385866 0.389712 0.280959 
0.257370 0.382716 0.431434 0.394320 0.387261 0.394981 0.402675 0.399242 0.408606 0.280219 
0.268366 0.425658 0.413721 0.422587 0.435299 0.410754 0.443425 0.383066 0.402574 0.415851 
0.291120 0.453334 0.441524 0.446832 0.445454 0.439262 0.464022 0.404536 0.427001 0.450861 
0.287743 0.442770 0.438876 0.441435 0.458662 0.434212 0.468154 0.405888 0.424727 0.439387 
0.288858 0.450996 0.438484 0.442861 0.449503 0.435208 0.462208 0.408830 0.421824 0.449959 
0.296042 0.458242 0.447992 0.452579 0.453189 0.446051 0.468950 0.408746 0.434925 0.447940 
0.304523 0.466857 0.459266 0.464395 0.478565 0.459047 0.476916 0.463704 0.467731 0.444641 
0.297586 0.459880 0.450085 0.455109 0.470641 0.448614 0.470416 0.406992 0.445174 0.446413 
0.294504 0.456779 0.446004 0.450983 0.467119 0.443977 0.464311 0.407045 0.435149 0.447200 
0.294247 0.456519 0.445669 0.450633 0.466483 0.443595 0.467283 0.407030 0.434347 0.447249 
0.335699 0.497903 0.500205 0.504755 0.516429 0.502064 0.506075 0.433960 0.500922 0.427544 
0.294247 0.456519 0.445669 0.433260 0.466483 0.443595 0.467283 0.407030 0.449959 0.447249 
0.294260 0.456534 0.445682 0.450657 0.466841 0.443611 0.467299 0.407049 0.434357 0.447262 
0.336598 0.498683 0.501291 0.505425 0.516932 0.501999 0.509563 0.443437 0.500220 0.423872 
0.293573 0.455841 0.444778 0.449729 0.465643 0.442582 0.466650 0.406843 0.433198 0.447417 
0.333267 0.495791 0.497265 0.502941 0.515070 0.502242 0.503894 0.408312 0.500848 0.437482 
0.403195 0.586338 0.569477 0.598786 0.547390 0.618980 0.625031 0.592180 0.546677 0.592531 
0.404730 0.588641 0.567320 0.616213 0.571292 0.619225 0.625127 0.589260 0.548722 0.594042 
0.402069 0.584649 0.571060 0.618183 0.566416 0.618801 0.624960 0.590925 0.545176 0.594246 
0.424910 0.604447 0.607649 0.620376 0.599454 0.617712 0.640577 0.614953 0.545397 0.599431 
0.423457 0.603235 0.607980 0.561902 0.610430 0.617797 0.619923 0.613429 0.545256 0.598274 
0.426575 0.605531 0.615412 0.585715 0.612241 0.617516 0.618993 0.616669 0.544664 0.599981 
0.433449 0.637539 0.624992 0.649132 0.635497 0.617214 0.617396 0.623908 0.547768 0.601103 
0.427544 0.609081 0.603659 0.586886 0.613897 0.618356 0.620044 0.617958 0.550331 0.604847 
0.428252 0.607234 0.617093 0.575012 0.631282 0.617517 0.618714 0.618458 0.549597 0.599629 
0.433445 0.637526 0.624985 0.591614 0.635483 0.617214 0.617405 0.623905 0.547767 0.601102 
0.443594 0.649911 0.640408 0.624056 0.643692 0.616622 0.614847 0.634548 0.544192 0.603981 
0.552045 0.761836 0.776438 0.735713 0.765015 0.765088 0.756914 0.756628 0.698301 0.760372 
0.536068 0.746654 0.734922 0.731643 0.737683 0.750434 0.752523 0.734138 0.656361 0.743949 
0.536068 0.746654 0.734922 0.731643 0.737683 0.750434 0.737589 0.734138 0.656361 0.743949 
0.542859 0.753044 0.750722 0.720299 0.756212 0.746904 0.721774 0.736719 0.710254 0.749041 
0.542893 0.753014 0.752601 0.720071 0.766075 0.759108 0.696487 0.737830 0.739599 0.748890 
0.553670 0.763380 0.780660 0.736127 0.767794 0.766579 0.750070 0.758915 0.702566 0.762042 
0.542859 0.753044 0.750722 0.720299 0.756212 0.746904 0.792005 0.736719 0.710254 0.749041 
0.547111 0.757440 0.746465 0.752580 0.749800 0.703127 0.761162 0.746793 0.670114 0.755183 
0.557074 0.766612 0.790754 0.741009 0.775104 0.777300 0.708402 0.766293 0.711090 0.766065 
0.537681 0.747665 0.744968 0.715279 0.750343 0.740109 0.716196 0.731389 0.697339 0.741475 
0.552068 0.762281 0.751646 0.761977 0.755239 0.874796 0.765039 0.752472 0.676287 0.760225 
0.646477 0.848196 0.846411 0.848519 0.851252 0.846611 0.842607 0.829471 0.814262 0.852803 
0.653861 0.860682 0.868485 0.844459 0.876421 0.876570 0.855032 0.851712 0.843205 0.870789 
0.664625 0.853325 0.879183 0.858845 0.864645 0.870267 0.862877 0.838558 0.835570 0.878608 
0.684738 0.885943 0.885827 0.870395 0.901383 0.880649 0.880089 0.856675 0.858478 0.892492 
0.662265 0.852486 0.877426 0.857123 0.861149 0.868388 0.860752 0.835357 0.832665 0.876462 
0.699433 0.897794 0.911538 0.892308 0.911208 0.901824 0.893968 0.891997 0.881748 0.913446 
0.686551 0.892212 0.889253 0.874836 0.897122 0.887726 0.882621 0.868290 0.862559 0.898539 
0.699986 0.900340 0.908271 0.884290 0.915030 0.899865 0.894232 0.890438 0.881286 0.912041 
0.702653 0.912614 0.892523 0.880975 0.933457 0.890424 0.895503 0.882921 0.879055 0.905271 
0.704858 0.921984 0.908678 0.891130 0.924607 0.902005 0.899058 0.892632 0.884996 0.914947 
0.722921 0.987747 0.914707 0.902342 0.956635 0.912612 0.916751 0.906508 0.901146 0.927956 
0.879016 0.992928 0.980534 0.982976 0.975305 0.995598 0.986345 0.983650 0.979480 0.981803 
0.877131 0.991770 0.981602 0.982708 0.981087 0.997587 0.991192 0.984017 0.995702 0.983926 
0.879016 0.992928 0.980534 0.982976 0.975305 0.995598 0.986345 0.983650 0.999867 0.980996 
0.888552 0.992736 0.980661 0.983187 0.985030 0.997919 0.977786 0.991619 0.998765 0.986385 
0.880121 0.992935 0.980557 0.983006 0.977139 0.995807 0.985276 0.984263 0.990216 0.969455 
0.880771 0.992078 0.981302 0.982860 0.984915 0.997693 0.986920 0.993741 0.996678 0.984710 
0.879016 0.999129 0.980534 0.982976 0.975305 0.995598 0.986345 0.983650 0.989324 0.988686 
0.879016 0.992928 0.980534 0.982976 0.975305 0.995598 0.986345 0.983650 0.991876 0.970989 
0.882363 0.998485 0.981171 0.992819 0.982893 0.997739 0.985051 0.987499 0.997105 0.985052 
0.879016 0.992928 0.980534 0.982976 0.975305 0.995598 0.986345 0.983650 0.989324 0.967785 
0.891781 0.993009 0.980395 0.983323 0.996495 0.998013 0.973996 0.990738 0.999631 0.987080 
0.957389 0.999160 0.997284 0.998975 0.995900 0.999863 0.997877 0.999280 0.997756 0.996075 
0.953941 0.998931 0.996911 0.998824 0.996097 0.999840 0.998931 0.999077 0.997483 0.999308 
0.954364 0.999059 0.997005 0.998909 0.996095 0.999851 0.995161 0.999224 0.997470 0.995605 
0.964431 0.996546 0.997263 0.999068 0.995991 0.999469 0.998648 0.999360 0.998972 0.998508 
0.980357 0.999921 0.999403 0.999475 0.994418 0.999960 0.998962 0.999709 0.999922 0.999644 
1.000000 1.000000 0.998924 0.006525 0.000000 1.000000 0.999521 0.999789 0.999951 0.999985 
