0.000000 0.340371 0.000302 0.359724 0.998351 0.996523 0.067359 0.959547 0.586718 0.999863 
0.000000 0.000798 0.002431 0.000185 0.999871 0.992573 0.342525 0.017215 0.999966 0.999991 
0.000000 0.582007 0.000087 0.615053 0.997423 0.998949 0.031677 0.993794 0.266220 0.999946 
0.000000 0.003748 0.001000 0.000032 0.999967 0.999909 0.873899 0.003325 0.999990 0.999999 
0.000000 0.000785 0.001200 0.000183 0.999867 0.991773 0.342787 0.016985 0.999967 0.981167 
0.000000 0.000798 0.022245 0.000185 0.999871 0.992573 0.342525 0.017215 0.999966 0.999991 
0.064025 0.110794 0.999993 0.085961 0.997218 0.098447 0.999979 0.999033 0.113868 0.998263 
0.067007 0.102410 0.999760 0.100302 0.999212 0.102957 0.999805 0.996870 0.104445 0.991206 
0.066690 0.104170 0.999777 0.097028 0.999446 0.102453 0.999951 0.989160 0.106266 0.977742 
0.066929 0.103577 0.999757 0.098018 0.999645 0.102811 0.999751 0.988276 0.105586 0.975906 
0.066863 0.102367 0.999835 0.098579 0.999256 0.105916 0.999883 0.999593 0.102528 0.959574 
0.067469 0.106106 0.999396 0.103003 0.999131 0.103617 0.999708 0.988957 0.110531 0.960805 
0.066986 0.104682 0.999729 0.097498 0.999759 0.102879 0.999630 0.997842 0.108368 0.974987 
0.066867 0.102449 0.999995 0.098541 0.999243 0.102738 0.999874 0.999532 0.102733 0.960114 
0.066867 0.102449 0.999832 0.098541 0.999243 0.102738 0.999874 0.999532 0.102733 0.960114 
0.067001 0.104972 0.999723 0.097360 0.998832 0.102896 0.999599 0.997617 0.109100 0.976923 
0.066945 0.106158 0.999981 0.096489 0.999248 0.102796 0.999961 0.976565 0.104113 0.979413 
0.222739 0.291205 0.341018 0.988570 0.318369 0.353934 0.356404 0.357129 0.336661 0.999985 
0.222739 0.291205 0.367341 0.999584 0.318369 0.353934 0.355485 0.357129 0.336661 0.999985 
0.222739 0.291205 0.367341 0.999584 0.318369 0.353934 0.356094 0.357129 0.336661 0.999985 
0.222739 0.291205 0.367341 0.999584 0.318369 0.353934 0.355485 0.357129 0.336661 0.426107 
0.233252 0.375371 0.367654 0.998542 0.387656 0.344932 0.362058 0.380159 0.337246 0.828184 
0.233252 0.375371 0.367654 0.995984 0.387656 0.344932 0.362058 0.380159 0.337246 0.828184 
0.222717 0.277932 0.367329 0.999969 0.317771 0.353952 0.355558 0.368796 0.336645 0.399320 
0.222866 0.365136 0.367409 0.999487 0.321700 0.353833 0.355078 0.292140 0.336753 0.434007 
0.228982 0.360779 0.367270 0.999754 0.347771 0.413009 0.355244 0.343169 0.336893 0.738737 
0.233361 0.375711 0.367663 0.995940 0.388647 0.337197 0.362223 0.381102 0.337255 0.830629 
0.222564 0.291284 0.343333 0.999898 0.306235 0.354047 0.347656 0.291891 0.336576 0.427204 
0.480058 0.691214 0.678715 0.018226 0.694097 0.700418 0.000588 0.672628 0.675630 0.679311 
0.478133 0.684985 0.681975 0.010485 0.012374 0.695757 0.000364 0.674753 0.662417 0.680857 
0.487051 0.714118 0.679023 0.684462 0.000538 0.705081 0.704819 0.665044 0.698966 0.649749 
0.476881 0.680934 0.684096 0.001683 0.611506 0.695678 0.000171 0.676135 0.653825 0.681863 
0.486452 0.712162 0.679330 0.644590 0.013137 0.704523 0.663725 0.680249 0.696288 0.651627 
0.476767 0.680566 0.684289 0.000753 0.216584 0.695508 0.000157 0.676260 0.653043 0.681954 
0.477932 0.681588 0.683902 0.009978 0.226169 0.700036 0.000706 0.675352 0.657990 0.679077 
0.478200 0.682546 0.683759 0.029851 0.219521 0.698992 0.021452 0.675048 0.659197 0.678213 
0.478133 0.684985 0.681975 0.011905 0.293146 0.697546 0.000336 0.674753 0.662417 0.680857 
0.478133 0.684985 0.681975 0.007250 0.295942 0.700610 0.000429 0.674753 0.662417 0.680857 
0.485820 0.712116 0.673843 0.649017 0.057905 0.698382 0.725492 0.664873 0.695642 0.651927 
0.490700 0.712385 0.675615 0.654780 0.046226 0.702003 0.730662 0.677329 0.694503 0.646599 
0.490700 0.712385 0.675615 0.654780 0.046226 0.702003 0.730662 0.665112 0.694503 0.646599 
0.491293 0.716159 0.677261 0.627036 0.757385 0.701038 0.708971 0.657710 0.710715 0.666255 
0.608557 0.000154 0.805348 0.058855 0.088203 0.000100 0.000080 0.815235 0.000079 0.003993 
0.603737 0.000154 0.805348 0.090005 0.088203 0.000162 0.000155 0.815235 0.000153 0.050558 
0.616732 0.000012 0.809965 0.090754 0.080429 0.000077 0.005094 0.820493 0.000012 0.026970 
0.617820 0.000000 0.810351 0.090817 0.079778 0.000070 0.000144 0.820933 0.000000 0.024995 
0.617389 0.000003 0.810005 0.090761 0.080360 0.000077 0.000145 0.820539 0.000004 0.026763 
0.613699 0.000154 0.805348 0.025617 0.088203 0.000034 0.000000 0.815235 0.000000 0.050558 
0.612084 0.000154 0.803392 0.060426 0.088203 0.000152 0.000017 0.815235 0.000013 0.043183 
0.612748 0.000154 0.805348 0.060722 0.088203 0.000162 0.000005 0.815235 0.000001 0.050558 
0.727271 0.000095 0.907625 0.003853 0.024238 0.913620 0.000120 0.061553 0.005920 0.023126 
0.727261 0.000095 0.907614 0.001306 0.024595 0.913854 0.000120 0.061633 0.005824 0.043631 
0.727171 0.000094 0.907597 0.001587 0.011211 0.901173 0.000107 0.061629 0.005729 0.023075 
0.725350 0.000096 0.907637 0.001257 0.007603 0.919346 0.000126 0.061518 0.002697 0.023149 
0.727100 0.000096 0.907446 0.011671 0.030339 0.917626 0.000126 0.062928 0.004277 0.023200 
0.727104 0.000029 0.907449 0.011620 0.030254 0.917667 0.000126 0.062929 0.004313 0.023199 
0.727130 0.000096 0.907637 0.010549 0.028082 0.919346 0.000126 0.052532 0.005693 0.023149 
0.727162 0.000094 0.907594 0.000982 0.030382 0.900067 0.000106 0.061636 0.005712 0.023071 
0.727317 0.000096 0.907637 0.011524 0.030230 0.919346 0.000126 0.061518 0.006008 0.023149 
0.727057 0.000095 0.907519 0.000302 0.011235 0.896937 0.000107 0.061350 0.005705 0.023079 
0.727276 0.000095 0.907629 0.938266 0.024068 0.913508 0.000120 0.061515 0.005966 0.023123 
0.803057 0.952409 0.952859 0.953799 0.953136 0.015027 0.954001 0.003656 0.014487 0.003325 
0.803057 0.952409 0.952859 0.953799 0.953136 0.014998 0.954001 0.003656 0.014123 0.010928 
0.803063 0.952424 0.952872 0.953820 0.953135 0.018322 0.954013 0.003649 0.028107 0.004258 
0.803032 0.952346 0.952803 0.953715 0.953142 0.001392 0.953952 0.003685 0.069663 0.000092 
0.802845 0.952727 0.953380 0.954717 0.952858 0.000001 0.954437 0.000137 0.045506 0.011817 
0.803063 0.952424 0.952872 0.953820 0.953135 0.018322 0.954013 0.003649 0.028107 0.045962 
0.803065 0.952429 0.952877 0.953827 0.953134 0.019440 0.954017 0.003646 0.069480 0.002015 
0.802980 0.952213 0.952685 0.953535 0.953154 0.000653 0.953847 0.003748 0.069957 0.025159 
0.803232 0.949681 0.950724 0.950197 0.953926 0.010847 0.952155 0.016635 0.002330 0.009392 
0.813924 0.985595 0.955092 0.955305 0.957860 0.012182 0.957024 0.015169 0.068259 0.002561 
0.813866 0.985386 0.955088 0.955298 0.957843 0.012604 0.957029 0.015122 0.068177 0.008732 
0.857564 0.975983 0.979695 0.977306 0.114003 0.979935 0.974181 0.020284 0.977643 0.009007 
0.893559 0.987928 0.987855 0.987595 0.987504 0.023924 0.989174 0.007541 0.000556 0.009699 
0.893759 0.988096 0.987928 0.988594 0.987531 0.009160 0.989932 0.002484 0.002247 0.008786 
0.892749 0.987282 0.987602 0.993380 0.987402 0.002902 0.980719 0.000427 0.000496 0.009301 
0.897516 0.983547 0.988575 0.995373 0.983481 0.000183 0.986589 0.000204 0.006357 0.006696 
0.896463 0.983847 0.981341 0.993353 0.986314 0.006912 0.989990 0.000775 0.007918 0.011128 
0.894990 0.988645 0.987810 0.994561 0.987580 0.024565 0.992993 0.003357 0.011376 0.009749 
0.894871 0.989031 0.988331 0.994153 0.987682 0.025987 0.994153 0.000895 0.011655 0.003704 
0.894871 0.989031 0.988331 0.994153 0.987682 0.025987 0.994153 0.003591 0.011655 0.003704 
0.896294 0.984398 0.982084 0.999987 0.986459 0.008940 0.990433 0.000787 0.008315 0.010339 
0.900546 0.995433 0.986667 0.999995 0.999517 0.004149 0.995349 0.000182 0.008381 0.010019 
0.947500 0.996899 0.998276 0.999996 0.004185 0.999976 0.996674 0.000303 0.996885 0.000700 
0.944529 0.996579 0.997987 0.999996 0.000093 0.999934 0.995707 0.000887 0.996600 0.000706 
0.948680 0.997012 0.998399 0.999996 0.003827 0.999935 0.996454 0.000284 0.996966 0.001653 
0.949171 0.997032 0.998313 0.999995 0.003580 0.999971 0.996353 0.000298 0.996927 0.002906 
0.943920 0.996519 0.997922 0.999995 0.000052 0.999933 0.995590 0.000071 0.996528 0.001818 
0.951458 0.997277 0.998687 0.999996 0.002986 0.999983 0.997015 0.000239 0.997156 0.003896 
0.947461 0.996896 0.998272 0.999996 0.004196 0.999977 0.996209 0.000304 0.996882 0.000669 
0.951969 0.997311 0.998786 0.999998 0.000588 0.999942 0.997138 0.010856 0.997470 0.001852 
0.957256 0.997803 0.999376 1.000000 0.004667 0.999952 0.998222 0.000111 0.998079 0.002384 
0.963401 0.998379 0.999516 0.999999 0.005498 1.000000 0.999476 0.000046 0.998696 0.003158 
0.969082 0.999753 0.999988 1.000000 0.000094 0.999976 0.998682 0.000011 0.999193 0.001397 
0.974641 0.999421 0.999816 1.000000 0.002415 1.000000 0.999802 0.000002 0.999537 0.001594 
0.979882 0.999697 1.000000 0.999999 0.000086 0.999995 0.999688 0.000001 0.999480 0.000091 
0.984731 0.999833 0.999802 0.999999 0.001214 0.999997 0.999975 0.000001 0.999978 0.017588 
0.990580 0.999944 0.999592 0.999998 0.000772 0.999998 0.999721 0.000004 0.999619 0.000282 
0.995385 0.999986 0.999997 0.999999 0.000028 0.999996 0.999998 0.000008 0.999859 0.001943 
1.000000 0.998723 1.000000 1.000000 0.999994 0.000843 0.017709 0.002254 0.998217 0.000000 
