0.000000 0.340371 0.000302 0.359724 0.998351 0.996523 0.067359 0.959547 0.586718 0.999863 
0.000000 0.000798 0.002431 0.000185 0.999871 0.992573 0.342525 0.017215 0.999966 0.999991 
0.000000 0.582007 0.000087 0.615053 0.997423 0.998949 0.031677 0.993794 0.266220 0.999946 
0.000000 0.003748 0.001000 0.000032 0.999967 0.999909 0.873899 0.003325 0.999990 0.999999 
0.000000 0.000785 0.001200 0.000183 0.999867 0.991773 0.342787 0.016985 0.999967 0.981167 
0.000000 0.000798 0.022245 0.000185 0.999871 0.992573 0.342525 0.017215 0.999966 0.999991 
0.062851 0.098457 0.098641 0.098892 0.099017 0.098949 0.098930 0.098467 0.098763 0.098068 
0.069980 0.109434 0.109887 0.109663 0.109476 0.109867 0.109744 0.109641 0.109798 0.110260 
0.085564 0.133655 0.133909 0.134027 0.133826 0.133966 0.133837 0.133758 0.133915 0.133543 
0.083000 0.129694 0.129960 0.130011 0.129801 0.129998 0.129838 0.129802 0.129850 0.130241 
0.107565 0.167590 0.167790 0.168338 0.168390 0.168017 0.168203 0.167679 0.168959 0.167671 
0.121651 0.189386 0.189491 0.190546 0.190470 0.189811 0.190112 0.189431 0.191131 0.189188 
0.134679 0.208999 0.209663 0.210758 0.210122 0.209914 0.209458 0.209608 0.209026 0.209909 
0.146911 0.228595 0.228666 0.230020 0.230536 0.228962 0.228486 0.228732 0.227976 0.228483 
0.158344 0.246083 0.246138 0.247711 0.247300 0.246475 0.245895 0.246125 0.245254 0.246002 
0.161787 0.251342 0.251393 0.253031 0.252301 0.251742 0.251412 0.251352 0.251815 0.251276 
0.162326 0.252174 0.252224 0.253873 0.253139 0.252575 0.252244 0.252183 0.251272 0.252104 
0.198423 0.307264 0.307535 0.307567 0.305673 0.305909 0.307183 0.307541 0.307571 0.307259 
0.210949 0.325396 0.325454 0.325581 0.325499 0.324738 0.325362 0.325717 0.325639 0.325383 
0.216480 0.333347 0.333489 0.333494 0.333096 0.333148 0.333299 0.333580 0.333552 0.333311 
0.231656 0.355605 0.355582 0.355806 0.355641 0.355765 0.355380 0.355790 0.355407 0.357416 
0.247940 0.379719 0.379862 0.379943 0.379772 0.377806 0.379616 0.379954 0.379540 0.381066 
0.266429 0.406333 0.406174 0.406560 0.406256 0.406747 0.405787 0.406291 0.405394 0.405633 
0.277807 0.422180 0.422741 0.422875 0.422278 0.422445 0.422321 0.423060 0.421977 0.422127 
0.290660 0.440738 0.441400 0.441050 0.440886 0.440633 0.440643 0.441077 0.440606 0.440614 
0.288748 0.438006 0.438644 0.438319 0.438149 0.437826 0.438148 0.438320 0.437872 0.437948 
0.291783 0.442400 0.443060 0.442718 0.442545 0.442542 0.442548 0.441631 0.442250 0.442339 
0.288746 0.438004 0.438642 0.438311 0.438147 0.437817 0.438264 0.438337 0.437869 0.437945 
0.347014 0.520618 0.517496 0.518375 0.519292 0.515384 0.517979 0.519497 0.518697 0.519804 
0.359380 0.535592 0.533947 0.534732 0.535332 0.532828 0.533800 0.535417 0.535242 0.535285 
0.376233 0.557665 0.557526 0.557045 0.557210 0.556344 0.554247 0.557121 0.557056 0.556376 
0.387314 0.571821 0.571109 0.571682 0.571566 0.572234 0.569539 0.571381 0.571379 0.570257 
0.396204 0.583423 0.581853 0.582839 0.582748 0.583199 0.581850 0.583043 0.582326 0.582436 
0.413862 0.604800 0.603530 0.604885 0.604720 0.604996 0.604993 0.605857 0.605967 0.606042 
0.424686 0.618906 0.618985 0.618718 0.618287 0.618875 0.620891 0.620327 0.618947 0.620617 
0.442655 0.640345 0.640597 0.640245 0.639326 0.640619 0.636017 0.641268 0.640367 0.641540 
0.454781 0.654598 0.654799 0.654829 0.657598 0.654805 0.653732 0.654499 0.654605 0.655327 
0.467606 0.670116 0.670609 0.670139 0.668540 0.670813 0.669548 0.670345 0.670111 0.670593 
0.479238 0.683241 0.683294 0.683657 0.683667 0.683955 0.683647 0.684219 0.683090 0.684510 
0.492637 0.698846 0.698674 0.699302 0.698909 0.699383 0.699100 0.699139 0.698959 0.698886 
0.504919 0.712687 0.712355 0.714375 0.712088 0.712734 0.712485 0.712498 0.712416 0.712368 
0.516741 0.726009 0.725523 0.724975 0.724775 0.725585 0.725368 0.725357 0.725370 0.725345 
0.526465 0.734852 0.736190 0.735023 0.736087 0.736049 0.735823 0.735797 0.735899 0.735887 
0.527435 0.735984 0.737370 0.736147 0.737256 0.737203 0.736978 0.736949 0.737060 0.737051 
0.553585 0.762725 0.765396 0.764122 0.762770 0.764080 0.765186 0.763708 0.763659 0.764349 
0.563942 0.773084 0.774171 0.774657 0.773338 0.775598 0.776091 0.774848 0.774893 0.774268 
0.579197 0.788884 0.790327 0.789254 0.788113 0.790566 0.790367 0.789089 0.786616 0.789160 
0.588015 0.797890 0.798911 0.797906 0.796839 0.799685 0.799036 0.797828 0.795679 0.797702 
0.598226 0.807339 0.809082 0.807285 0.806370 0.807058 0.806932 0.805994 0.807663 0.807787 
0.613613 0.820903 0.822184 0.820871 0.819867 0.821321 0.819431 0.818967 0.822773 0.821580 
0.627034 0.832613 0.834293 0.833002 0.833913 0.833353 0.832649 0.833394 0.832560 0.834534 
0.634515 0.839531 0.840541 0.839617 0.840298 0.840266 0.839245 0.839762 0.839459 0.840890 
0.644709 0.847146 0.848380 0.847893 0.848510 0.847798 0.848714 0.847728 0.848307 0.848483 
0.653323 0.855862 0.855213 0.855009 0.855218 0.855184 0.855330 0.854772 0.855434 0.855106 
0.663277 0.863529 0.863130 0.863280 0.862995 0.863786 0.862989 0.862952 0.863713 0.862779 
0.678090 0.875301 0.874283 0.874590 0.874563 0.875309 0.874639 0.876308 0.875368 0.874825 
0.687147 0.880846 0.881723 0.881432 0.880636 0.882122 0.881965 0.882645 0.881875 0.881481 
0.701335 0.891177 0.891947 0.891211 0.891748 0.891566 0.891853 0.892056 0.891944 0.891149 
0.705207 0.893998 0.894657 0.894106 0.894781 0.894143 0.894552 0.894624 0.894693 0.893788 
0.719048 0.904032 0.904631 0.903296 0.903260 0.903178 0.904091 0.903607 0.904416 0.903100 
0.727554 0.910421 0.912364 0.909096 0.909336 0.909456 0.910032 0.909895 0.910763 0.909285 
0.737352 0.916028 0.916034 0.916861 0.916182 0.915610 0.915277 0.916407 0.916534 0.915875 
0.745111 0.920363 0.920851 0.920818 0.921088 0.920846 0.920817 0.921370 0.922085 0.921020 
0.753551 0.925613 0.925818 0.925832 0.925601 0.925257 0.925055 0.925910 0.926480 0.925567 
0.765728 0.933149 0.933098 0.932570 0.933110 0.934988 0.933373 0.933849 0.933086 0.934693 
0.773371 0.937461 0.936844 0.936899 0.937309 0.938402 0.937471 0.937713 0.937387 0.938331 
0.781012 0.941772 0.940588 0.941227 0.941506 0.941814 0.941323 0.941575 0.941687 0.941968 
0.791843 0.946948 0.945818 0.946618 0.946750 0.946843 0.947033 0.947733 0.946949 0.946971 
0.797657 0.949902 0.948831 0.949423 0.949802 0.949381 0.949559 0.949445 0.949736 0.949715 
0.807637 0.955139 0.953749 0.954691 0.955020 0.953879 0.954618 0.954273 0.954941 0.954410 
0.819423 0.961323 0.959556 0.960012 0.961181 0.959192 0.960592 0.960076 0.961086 0.959955 
0.822042 0.962671 0.961602 0.960120 0.961245 0.963078 0.960587 0.960746 0.961117 0.961946 
0.831047 0.966161 0.965292 0.965220 0.965159 0.964839 0.964606 0.964702 0.965805 0.965751 
0.837804 0.968373 0.967617 0.967499 0.967469 0.968755 0.967054 0.967057 0.967308 0.967990 
0.847598 0.972218 0.971705 0.972397 0.971406 0.971767 0.971854 0.970790 0.971314 0.971451 
0.853862 0.973295 0.974270 0.973017 0.972842 0.973941 0.973575 0.973702 0.974034 0.973598 
0.860263 0.975530 0.976222 0.975589 0.975133 0.976029 0.975534 0.975422 0.976073 0.975801 
0.868308 0.979048 0.978518 0.978993 0.977671 0.978548 0.978760 0.978531 0.978724 0.978989 
0.874379 0.980637 0.980301 0.980607 0.979381 0.981086 0.980574 0.980290 0.981040 0.980749 
0.882587 0.982971 0.983004 0.982564 0.982780 0.982955 0.983199 0.982637 0.982940 0.983103 
0.888719 0.984456 0.984927 0.984305 0.984943 0.984859 0.984732 0.984502 0.984372 0.985125 
0.895133 0.986067 0.986395 0.986310 0.985229 0.987088 0.986773 0.986302 0.986466 0.986767 
0.901738 0.987456 0.987607 0.988154 0.987721 0.988065 0.988317 0.988114 0.988942 0.988607 
0.909111 0.991199 0.989006 0.989827 0.989015 0.988956 0.990328 0.989519 0.991268 0.989207 
0.914996 0.990929 0.989600 0.991191 0.990589 0.992046 0.991523 0.991144 0.992179 0.991168 
0.921145 0.992592 0.992312 0.992239 0.991624 0.992833 0.992152 0.992210 0.993104 0.992199 
0.927615 0.994192 0.993417 0.993436 0.993218 0.993269 0.993690 0.993372 0.993308 0.993225 
0.933646 0.995657 0.994179 0.994340 0.993261 0.994444 0.994496 0.994370 0.994930 0.994291 
0.939492 0.995355 0.996606 0.995254 0.995331 0.995669 0.995292 0.995191 0.995759 0.995417 
0.945520 0.996102 0.995998 0.996126 0.995762 0.996531 0.996061 0.995972 0.996547 0.996353 
0.951431 0.997317 0.997251 0.997509 0.997293 0.996755 0.997197 0.997191 0.996858 0.997702 
0.957128 0.997842 0.997481 0.997790 0.997537 0.996951 0.997454 0.997420 0.997062 0.997969 
0.963010 0.998307 0.998327 0.998697 0.998534 0.998984 0.998322 0.998272 0.998796 0.999102 
0.968449 0.998649 0.998637 0.998947 0.998819 0.999336 0.998629 0.998614 0.999991 0.999648 
0.973795 0.999011 0.999035 0.999343 0.999131 0.999978 0.999056 0.999189 0.999864 0.999596 
0.979237 0.999379 0.999443 0.999750 0.999448 0.999972 0.999496 0.999420 0.999730 0.999526 
0.984500 0.999941 0.999624 0.999936 0.999873 0.999951 0.999739 0.999844 0.999860 0.999896 
0.989750 0.999889 0.999882 0.999968 0.999994 0.999891 0.999857 0.999977 1.000000 0.999986 
0.994913 0.999964 0.999981 0.999998 0.999994 0.999964 0.999999 0.999992 1.000000 0.999991 
1.000000 0.999992 1.000000 1.000000 1.000000 0.000127 0.000044 0.999993 0.999998 0.000000 
