0.000000 0.340371 0.000302 0.359724 0.998351 0.996523 0.067359 0.959547 0.586718 0.999863 
0.000000 0.000798 0.002431 0.000185 0.999871 0.992573 0.342525 0.017215 0.999966 0.999991 
0.000000 0.582007 0.000087 0.615053 0.997423 0.998949 0.031677 0.993794 0.266220 0.999946 
0.000000 0.003748 0.001000 0.000032 0.999967 0.999909 0.873899 0.003325 0.999990 0.999999 
0.000000 0.000785 0.001200 0.000183 0.999867 0.991773 0.342787 0.016985 0.999967 0.981167 
0.000000 0.000798 0.022245 0.000185 0.999871 0.992573 0.342525 0.017215 0.999966 0.999991 
0.063867 0.100024 0.100207 0.100452 0.099981 0.099846 0.100493 0.100031 0.100312 0.099636 
0.074847 0.117473 0.117390 0.117246 0.117239 0.117395 0.117276 0.117161 0.117122 0.117719 
0.086397 0.135112 0.135184 0.135298 0.135266 0.135268 0.135041 0.135368 0.135520 0.135470 
0.098467 0.153555 0.153779 0.154143 0.154098 0.153944 0.153994 0.154365 0.154474 0.153808 
0.108383 0.168956 0.169180 0.169519 0.169492 0.169250 0.169383 0.169359 0.169851 0.169174 
0.121284 0.188821 0.189062 0.189360 0.189411 0.189243 0.189157 0.189472 0.189522 0.188895 
0.134098 0.208653 0.208819 0.208777 0.209467 0.209111 0.208838 0.208870 0.209287 0.208771 
0.147753 0.229638 0.229797 0.229947 0.230289 0.230097 0.229835 0.229943 0.229917 0.229685 
0.150373 0.233763 0.233921 0.234076 0.234442 0.234221 0.233951 0.234080 0.234041 0.234011 
0.168934 0.262250 0.262404 0.262444 0.263018 0.262618 0.262394 0.262366 0.261959 0.262260 
0.178449 0.276368 0.276832 0.276896 0.277210 0.276962 0.276425 0.276466 0.275953 0.276651 
0.198992 0.307798 0.307960 0.308198 0.307600 0.307385 0.307250 0.306608 0.307929 0.307986 
0.211706 0.326321 0.326457 0.326434 0.326694 0.326031 0.326277 0.326516 0.326585 0.326326 
0.219955 0.338378 0.338638 0.338614 0.338897 0.338772 0.338926 0.338695 0.338680 0.338434 
0.236632 0.362975 0.362988 0.363268 0.363135 0.363264 0.362777 0.363288 0.363205 0.362389 
0.251325 0.384251 0.384428 0.384558 0.384554 0.384694 0.384173 0.384721 0.384812 0.383916 
0.265476 0.404806 0.404648 0.405042 0.404734 0.405184 0.405233 0.404889 0.405316 0.404900 
0.278228 0.423075 0.423018 0.423250 0.423033 0.423189 0.423337 0.423230 0.423233 0.422921 
0.292641 0.443647 0.443834 0.443737 0.443791 0.443578 0.443900 0.443982 0.443497 0.443580 
0.304069 0.459706 0.459806 0.459657 0.459695 0.459822 0.460139 0.459685 0.459683 0.459903 
0.310927 0.469053 0.469414 0.468983 0.469048 0.469145 0.469475 0.469023 0.468986 0.469258 
0.305775 0.462027 0.462154 0.461959 0.462017 0.462136 0.462878 0.462011 0.461990 0.462216 
0.345859 0.517142 0.515696 0.516967 0.516910 0.516640 0.517852 0.516874 0.516967 0.517242 
0.359887 0.535645 0.536606 0.536118 0.535661 0.535531 0.535787 0.535787 0.535161 0.535582 
0.372724 0.552996 0.552551 0.552461 0.552423 0.552600 0.551854 0.552852 0.552201 0.552751 
0.384937 0.568541 0.568563 0.568097 0.568106 0.568659 0.568434 0.568374 0.568612 0.569064 
0.400986 0.589227 0.589011 0.588754 0.588922 0.589085 0.588779 0.589017 0.588518 0.588533 
0.413228 0.604440 0.604024 0.605808 0.604421 0.604261 0.604904 0.604325 0.604371 0.604329 
0.427401 0.621940 0.622032 0.621859 0.621718 0.622040 0.621740 0.622002 0.622458 0.621501 
0.440809 0.638540 0.638550 0.638362 0.638359 0.638764 0.638465 0.638742 0.638189 0.638230 
0.453974 0.654075 0.654166 0.654566 0.654605 0.654628 0.654185 0.654919 0.654180 0.653976 
0.466698 0.669147 0.669649 0.669110 0.669635 0.669855 0.668434 0.669272 0.669170 0.668975 
0.479672 0.683778 0.683783 0.684143 0.684194 0.684470 0.684162 0.683843 0.684267 0.684056 
0.491975 0.698131 0.697942 0.698603 0.698186 0.698672 0.698097 0.698424 0.698237 0.698164 
0.505126 0.712920 0.712584 0.714304 0.712798 0.712658 0.712710 0.712723 0.712869 0.712595 
0.517898 0.727306 0.726738 0.726617 0.726644 0.726797 0.726630 0.726616 0.726622 0.726613 
0.528627 0.737656 0.738305 0.737622 0.738246 0.738326 0.738066 0.738004 0.738180 0.738161 
0.541126 0.751796 0.751485 0.752490 0.751055 0.751434 0.751151 0.751520 0.751371 0.751500 
0.554208 0.765027 0.765395 0.764860 0.764947 0.764542 0.764313 0.764577 0.764661 0.764731 
0.566080 0.776945 0.776319 0.776483 0.776449 0.776764 0.776595 0.776075 0.777061 0.776797 
0.578334 0.788675 0.789031 0.788513 0.788017 0.787961 0.788620 0.788865 0.788380 0.788301 
0.589949 0.799363 0.800079 0.799234 0.799037 0.799775 0.799262 0.799228 0.799697 0.799280 
0.600977 0.810005 0.809012 0.809952 0.809355 0.810329 0.809568 0.809700 0.809883 0.810524 
0.611852 0.819585 0.820951 0.819728 0.819848 0.819870 0.819378 0.819675 0.818957 0.820033 
0.624497 0.830620 0.830793 0.830357 0.831420 0.831128 0.831677 0.830928 0.830377 0.830819 
0.635058 0.839980 0.840491 0.840431 0.839704 0.840192 0.839839 0.840158 0.840175 0.841101 
0.645313 0.848749 0.848705 0.848528 0.848457 0.848587 0.848411 0.848668 0.848776 0.848631 
0.656494 0.858145 0.857588 0.857312 0.857861 0.857733 0.857781 0.857818 0.858025 0.857914 
0.666686 0.866029 0.865732 0.865348 0.866308 0.865743 0.866048 0.865993 0.866346 0.865810 
0.677497 0.875033 0.874452 0.874879 0.874969 0.874065 0.874118 0.874431 0.874449 0.874044 
0.687887 0.882010 0.882261 0.881698 0.882213 0.882185 0.882232 0.882419 0.882480 0.881748 
0.697197 0.888765 0.889336 0.888829 0.889123 0.889172 0.888651 0.888760 0.889003 0.888690 
0.710855 0.898514 0.898427 0.898571 0.899078 0.898597 0.898589 0.899003 0.898890 0.898109 
0.715882 0.902127 0.901966 0.902264 0.902769 0.902189 0.902706 0.901919 0.902481 0.901690 
0.726521 0.909299 0.909607 0.909353 0.908561 0.908704 0.909247 0.909105 0.909958 0.908504 
0.736209 0.915303 0.915317 0.916189 0.915454 0.915317 0.914540 0.915578 0.915124 0.915147 
0.745202 0.920913 0.920906 0.920881 0.921144 0.920907 0.920879 0.921442 0.920603 0.921021 
0.755650 0.927265 0.927326 0.927355 0.927144 0.927467 0.926694 0.927420 0.927548 0.927112 
0.763714 0.931785 0.931130 0.931829 0.931649 0.931565 0.931678 0.932259 0.931977 0.931979 
0.772017 0.936534 0.935884 0.936308 0.936422 0.936388 0.936121 0.936580 0.936524 0.937162 
0.781029 0.941563 0.941211 0.941239 0.941532 0.941304 0.941361 0.941504 0.941398 0.941869 
0.789372 0.945972 0.945539 0.945740 0.945871 0.945783 0.945636 0.945818 0.945823 0.946153 
0.798817 0.950285 0.950638 0.950822 0.950663 0.950630 0.950675 0.950620 0.950637 0.950472 
0.806362 0.954424 0.953545 0.954195 0.954498 0.954645 0.954092 0.953746 0.954418 0.953900 
0.814316 0.958165 0.957545 0.957219 0.958079 0.957647 0.957813 0.958132 0.957962 0.957740 
0.822001 0.961286 0.961472 0.961275 0.961200 0.959753 0.960949 0.960705 0.961074 0.961211 
0.830608 0.964634 0.964689 0.964634 0.964917 0.964782 0.964464 0.964095 0.964329 0.965105 
0.838209 0.967727 0.967789 0.967675 0.967946 0.967663 0.967496 0.967228 0.967482 0.968154 
0.845406 0.970533 0.970849 0.970316 0.970688 0.970991 0.970581 0.970508 0.970617 0.970786 
0.852683 0.973095 0.973768 0.972849 0.973827 0.973519 0.973219 0.972832 0.973298 0.973193 
0.860576 0.976181 0.976039 0.975807 0.976220 0.976153 0.975785 0.975819 0.976143 0.975795 
0.867956 0.978822 0.978290 0.978759 0.979160 0.978409 0.978517 0.978624 0.978554 0.978708 
0.874456 0.980663 0.980331 0.980629 0.980577 0.981105 0.980672 0.980316 0.980326 0.980775 
0.881558 0.982767 0.982998 0.982557 0.982648 0.982952 0.983190 0.982628 0.982932 0.983091 
0.888573 0.984605 0.984882 0.984631 0.984808 0.984807 0.984737 0.984341 0.984962 0.985073 
0.895331 0.986191 0.986443 0.986363 0.987572 0.986939 0.986828 0.986357 0.986515 0.986819 
0.901838 0.987477 0.987634 0.988222 0.987737 0.988095 0.988350 0.988140 0.988346 0.987915 
0.908278 0.989330 0.989423 0.990134 0.989568 0.989937 0.990283 0.990037 0.990225 0.989783 
0.914878 0.991231 0.989566 0.991172 0.990566 0.991164 0.991505 0.991046 0.990648 0.991148 
0.921117 0.992515 0.991825 0.992282 0.991879 0.992062 0.992577 0.992313 0.991947 0.992165 
0.927303 0.994161 0.993333 0.993388 0.993163 0.993206 0.993648 0.993510 0.993244 0.993168 
0.933671 0.994552 0.993857 0.994332 0.994378 0.994555 0.994614 0.994247 0.994642 0.994388 
0.939644 0.995377 0.994902 0.995279 0.995352 0.995697 0.995600 0.995213 0.995777 0.995439 
0.945589 0.996114 0.996021 0.996520 0.995874 0.996542 0.996071 0.995983 0.996560 0.996365 
0.951712 0.997431 0.997202 0.997458 0.997262 0.996842 0.997158 0.997153 0.997148 0.997311 
0.957281 0.997850 0.997757 0.998071 0.997746 0.998822 0.997728 0.997691 0.997791 0.997940 
0.962812 0.998294 0.998320 0.998691 0.998528 0.998804 0.998313 0.998261 0.998252 0.998288 
0.968449 0.998649 0.998800 0.998947 0.998819 0.999336 0.998629 0.998902 0.999991 0.999648 
0.973790 0.999012 0.999035 0.999343 0.999131 0.999990 0.999057 0.999189 0.999679 0.999596 
0.979237 0.999379 0.999443 0.999750 0.999448 0.999314 0.999496 0.999420 0.999708 0.999526 
0.984500 0.999941 0.999624 0.999936 0.999873 0.999951 0.999739 0.999844 0.999860 0.999896 
0.989750 0.999889 0.999882 0.999968 0.999994 0.999891 0.999857 0.999977 1.000000 0.999986 
0.994913 0.999964 0.999981 0.999998 0.999994 0.999964 0.999999 0.999992 1.000000 0.999991 
1.000000 0.999992 1.000000 1.000000 1.000000 0.000127 0.000044 0.999993 0.999998 0.000000 
