0.000000 1.000000 0.000000 0.000000 0.000000 1.000000 1.000000 1.000000 1.000000 1.000000 
0.009156 0.014430 0.017365 0.013188 0.014068 0.014551 0.011162 0.013538 0.015350 0.013590 
0.017753 0.026876 0.028011 0.026511 0.026934 0.027470 0.027700 0.026911 0.027299 0.028990 
0.026114 0.039443 0.040974 0.041410 0.040645 0.040824 0.041954 0.040084 0.041406 0.041452 
0.034203 0.054018 0.054505 0.054040 0.053339 0.053511 0.053317 0.053794 0.053891 0.053705 
0.041525 0.065030 0.064332 0.064505 0.063514 0.065293 0.065564 0.065479 0.065392 0.065083 
0.049369 0.077374 0.078252 0.077350 0.080455 0.077492 0.077671 0.077765 0.076695 0.077361 
0.057729 0.090410 0.091171 0.090393 0.092012 0.090593 0.090639 0.090704 0.089820 0.090411 
0.065373 0.103294 0.102997 0.102352 0.103668 0.102505 0.102440 0.102232 0.102335 0.103263 
0.072384 0.113946 0.113714 0.113173 0.113178 0.113315 0.113547 0.113718 0.113525 0.113785 
0.080331 0.125698 0.125985 0.125540 0.125966 0.125817 0.125836 0.125955 0.125601 0.125909 
0.087165 0.136724 0.136539 0.136240 0.136193 0.136431 0.136472 0.136645 0.136331 0.136403 
0.095246 0.148910 0.149101 0.148956 0.148767 0.149028 0.148801 0.149615 0.148948 0.149058 
0.102344 0.160386 0.160214 0.160194 0.160040 0.160101 0.159948 0.160068 0.160118 0.159206 
0.110188 0.172204 0.172237 0.172235 0.171968 0.172796 0.172007 0.171890 0.172175 0.172297 
0.115902 0.181104 0.180901 0.181171 0.180771 0.181786 0.180842 0.180681 0.181088 0.181174 
0.124450 0.194294 0.194099 0.194528 0.193942 0.194648 0.194061 0.193835 0.194358 0.194296 
0.131137 0.204638 0.203980 0.204385 0.204982 0.204920 0.204257 0.204650 0.204831 0.203636 
0.138437 0.215420 0.215369 0.215837 0.216124 0.215912 0.214823 0.215851 0.215551 0.215178 
0.146359 0.227943 0.227289 0.226850 0.227502 0.227934 0.227663 0.227816 0.227877 0.227064 
0.152867 0.237682 0.237641 0.237801 0.238066 0.237848 0.238322 0.238132 0.237893 0.238159 
0.160098 0.248785 0.248549 0.248668 0.248885 0.248558 0.248853 0.249019 0.248693 0.248809 
0.168807 0.262112 0.261864 0.261891 0.262092 0.261932 0.262216 0.261699 0.262070 0.262166 
0.175617 0.272225 0.272432 0.272394 0.272498 0.272309 0.272161 0.272514 0.272902 0.272436 
0.182751 0.283111 0.283004 0.283128 0.283014 0.283138 0.283249 0.283424 0.282828 0.283309 
0.189766 0.292890 0.293597 0.293608 0.293666 0.293646 0.293649 0.293645 0.293362 0.293567 
0.197551 0.306506 0.305350 0.305120 0.305679 0.305264 0.305527 0.305630 0.305258 0.305522 
0.204942 0.316079 0.316500 0.316329 0.316576 0.316376 0.316321 0.316388 0.316586 0.316696 
0.212403 0.327542 0.327537 0.327469 0.327332 0.326971 0.327610 0.327344 0.327304 0.327698 
0.221049 0.340212 0.340296 0.340170 0.340312 0.340246 0.340283 0.340191 0.340201 0.340317 
0.223857 0.344398 0.344427 0.344287 0.344696 0.344428 0.344388 0.344336 0.344304 0.344443 
0.234777 0.360067 0.360461 0.360468 0.360491 0.360508 0.360053 0.360987 0.360777 0.360430 
0.241501 0.370256 0.370303 0.369969 0.370452 0.370490 0.370484 0.370225 0.370149 0.370276 
0.249394 0.381677 0.381884 0.381473 0.382002 0.381497 0.381493 0.381751 0.381657 0.381804 
0.257769 0.393807 0.394082 0.393672 0.394259 0.393973 0.394087 0.394094 0.393684 0.393970 
0.264272 0.403306 0.403434 0.403434 0.403121 0.403273 0.403204 0.403098 0.402990 0.403313 
0.272785 0.415485 0.415581 0.415523 0.415646 0.415419 0.415603 0.415298 0.415063 0.415545 
0.280280 0.426176 0.426165 0.426168 0.426367 0.426119 0.426355 0.426052 0.425778 0.426338 
0.287731 0.436772 0.436880 0.436820 0.436934 0.436733 0.436892 0.436603 0.436364 0.436824 
0.296622 0.449458 0.448493 0.449398 0.449248 0.449211 0.449101 0.449214 0.448951 0.449938 
0.304204 0.460153 0.460254 0.459853 0.460114 0.459961 0.459834 0.459985 0.459906 0.459849 
0.312485 0.471268 0.471260 0.471470 0.471248 0.471375 0.471202 0.471496 0.471391 0.471278 
0.317934 0.478910 0.478787 0.478965 0.478861 0.478932 0.478668 0.478983 0.478917 0.478837 
0.327856 0.493562 0.492484 0.492729 0.492586 0.492499 0.492482 0.492544 0.492518 0.493069 
0.335539 0.502856 0.502948 0.503003 0.502814 0.502557 0.502877 0.502877 0.502896 0.502890 
0.342736 0.512674 0.512785 0.512909 0.512635 0.512952 0.512768 0.512730 0.512835 0.512765 
0.352686 0.526074 0.526124 0.526350 0.525851 0.525903 0.526062 0.526095 0.526057 0.526135 
0.353759 0.527537 0.527589 0.527815 0.527309 0.527449 0.527527 0.527552 0.527517 0.527438 
0.368699 0.547419 0.547238 0.547371 0.547325 0.547214 0.547502 0.547179 0.547420 0.547320 
0.371642 0.551312 0.551145 0.551274 0.551244 0.551236 0.551701 0.551075 0.551331 0.551222 
0.389733 0.574469 0.574687 0.574759 0.574549 0.574787 0.574981 0.574452 0.574544 0.574904 
0.394920 0.581118 0.581291 0.581331 0.581231 0.581255 0.581561 0.581211 0.581138 0.581026 
0.398506 0.585748 0.585914 0.585937 0.585827 0.585928 0.586170 0.585830 0.585770 0.585366 
0.411204 0.601773 0.602024 0.602087 0.601910 0.601821 0.601823 0.601716 0.601429 0.601874 
0.421321 0.614448 0.614638 0.614482 0.614541 0.614438 0.614737 0.614499 0.615093 0.614544 
0.431277 0.626832 0.626853 0.626841 0.627430 0.626760 0.626538 0.627212 0.626563 0.626832 
0.440412 0.638059 0.637925 0.637795 0.637843 0.637942 0.637601 0.638215 0.637787 0.638017 
0.444428 0.642812 0.642719 0.642566 0.642738 0.642702 0.642287 0.642946 0.642556 0.642781 
0.457236 0.657965 0.658028 0.657779 0.657869 0.658036 0.658595 0.658143 0.658005 0.658161 
0.464021 0.665951 0.666033 0.665756 0.665856 0.666043 0.666059 0.666160 0.665994 0.666169 
0.470696 0.673859 0.673703 0.673744 0.673714 0.673804 0.672896 0.673969 0.673716 0.673910 
0.492298 0.698045 0.698452 0.698501 0.698382 0.698548 0.698354 0.698506 0.698880 0.698566 
0.496697 0.702914 0.703452 0.703281 0.703227 0.703401 0.703947 0.703701 0.703695 0.703431 
0.507873 0.715221 0.716170 0.715741 0.715486 0.715519 0.715681 0.715833 0.715745 0.716002 
0.518455 0.726690 0.727650 0.727840 0.727037 0.727034 0.727109 0.727295 0.727323 0.727306 
0.526096 0.735461 0.735870 0.735026 0.735454 0.735423 0.735580 0.735652 0.735758 0.735443 
0.539403 0.749145 0.749723 0.749763 0.749479 0.749547 0.749523 0.749583 0.749758 0.749465 
0.547782 0.756852 0.758140 0.758279 0.758503 0.758081 0.758165 0.758180 0.758163 0.758123 
0.559193 0.769654 0.769516 0.769738 0.769709 0.769726 0.770479 0.769766 0.769715 0.769713 
0.569153 0.778745 0.779538 0.779895 0.779666 0.779642 0.779580 0.779587 0.779669 0.779748 
0.582125 0.791940 0.792191 0.792296 0.792193 0.792141 0.792485 0.791982 0.792553 0.792282 
0.584613 0.794538 0.794439 0.794675 0.794789 0.794730 0.794530 0.794559 0.794962 0.794875 
0.598538 0.807652 0.807681 0.807714 0.807614 0.807528 0.807272 0.807235 0.807768 0.807817 
0.599511 0.808465 0.808493 0.808526 0.808429 0.808343 0.808094 0.808045 0.808903 0.808630 
0.667888 0.866928 0.867002 0.866959 0.866988 0.867011 0.866957 0.866994 0.867013 0.866979 
0.667925 0.866904 0.867030 0.866988 0.867017 0.867039 0.866986 0.867021 0.867042 0.867008 
0.667925 0.866799 0.867030 0.866988 0.867017 0.867039 0.866986 0.867021 0.867042 0.867008 
0.667919 0.867248 0.867026 0.866988 0.867013 0.867038 0.866972 0.866996 0.866992 0.867004 
0.667970 0.866986 0.867062 0.867029 0.867049 0.867060 0.867108 0.867224 0.867030 0.867043 
0.686715 0.881347 0.881286 0.881308 0.881474 0.881424 0.881711 0.880656 0.881654 0.881535 
0.702423 0.892264 0.892583 0.892934 0.892592 0.892662 0.892695 0.892767 0.892422 0.892492 
0.702627 0.892415 0.892733 0.893084 0.892721 0.892805 0.892856 0.892746 0.892560 0.892640 
0.723952 0.907261 0.907240 0.907350 0.907745 0.907144 0.907497 0.905173 0.906835 0.906921 
0.739881 0.918365 0.917644 0.917360 0.917718 0.917954 0.917355 0.917590 0.917902 0.917888 
0.748399 0.923337 0.922732 0.922454 0.922824 0.923003 0.922412 0.922659 0.922939 0.922219 
0.767324 0.933976 0.934913 0.933329 0.933954 0.934672 0.933865 0.934644 0.934033 0.934077 
0.787869 0.944490 0.945149 0.943898 0.944840 0.945265 0.944968 0.944983 0.944454 0.944782 
0.792896 0.946822 0.947426 0.946275 0.947555 0.947595 0.947236 0.947259 0.946760 0.947015 
0.808868 0.955843 0.955620 0.955093 0.955394 0.955859 0.954934 0.955176 0.955164 0.954300 
0.825359 0.962831 0.963240 0.961634 0.962656 0.962940 0.962509 0.962890 0.962876 0.962088 
0.838850 0.968140 0.968239 0.968002 0.968668 0.968901 0.967969 0.968058 0.967842 0.967430 
0.866847 0.977992 0.978248 0.978195 0.978281 0.978551 0.978040 0.978231 0.978308 0.977855 
0.874072 0.980307 0.980597 0.980599 0.980637 0.980915 0.980403 0.980604 0.980273 0.980184 
0.888648 0.984211 0.984720 0.984673 0.984584 0.984672 0.984188 0.984002 0.984822 0.984920 
0.907568 0.989159 0.989574 0.989473 0.989355 0.989827 0.989323 0.989467 0.989117 0.989021 
0.923701 0.993044 0.992530 0.992896 0.992190 0.993265 0.992985 0.992843 0.992573 0.993228 
0.942511 0.995890 0.995926 0.995855 0.995308 0.995392 0.995941 0.995211 0.995475 0.995542 
0.961318 0.998657 0.998221 0.997722 0.998246 0.998147 0.998026 0.998463 0.997919 0.998176 
0.980109 0.999503 0.999473 0.999726 0.999857 0.999661 0.999658 0.999536 0.999502 0.999380 
1.000000 1.000000 1.000000 0.000000 0.000000 1.000000 1.000000 1.000000 1.000000 1.000000 
