0.999963 0.999838 0.999464 0.900649 0.001222 0.999494 0.949866 0.003691 0.968012 0.359596 
0.999400 0.999582 0.992425 0.941222 0.000422 0.995273 0.990685 0.714897 0.999860 0.998653 
0.998742 0.148951 0.003666 0.125852 0.087207 0.005678 0.201890 0.329584 0.438776 0.998407 
0.983111 0.008215 0.981006 0.016391 0.005835 0.999833 0.944192 0.000004 0.998710 0.965996 
0.974685 0.907676 0.112346 0.004256 0.998411 0.108214 0.973789 0.009269 0.313204 0.320605 
0.961765 0.889335 0.997957 0.189246 0.994144 0.011152 0.034879 0.957438 0.046079 0.052936 
0.953456 0.028888 0.997483 0.995387 0.005086 0.126080 0.999045 0.996523 0.022877 0.006639 
0.953456 0.028888 0.997483 0.700477 0.182656 0.126080 0.999045 0.996523 0.132443 0.006639 
0.937122 0.962020 0.999968 0.010170 0.999920 0.002393 0.010637 0.945987 0.001319 0.006771 
0.941016 0.036719 0.899032 0.083230 0.023610 0.999434 0.983010 0.000322 0.992169 0.908484 
0.941740 0.079183 0.900429 0.989644 0.075426 0.101909 0.944850 0.955077 0.127853 0.021449 
0.941740 0.079183 0.900429 0.988671 0.075426 0.101909 0.944850 0.955077 0.127853 0.021449 
0.938906 0.002957 0.030277 0.001464 0.054730 0.019128 0.023910 0.946912 0.869106 0.952768 
0.881944 0.274218 0.999538 0.988744 0.081670 0.003158 0.598607 0.980766 0.088970 0.000771 
0.919796 0.085234 0.063258 0.007328 0.063768 0.063652 0.094038 0.958270 0.607381 0.796482 
0.918254 0.085424 0.065098 0.008012 0.066036 0.065307 0.096267 0.956598 0.608048 0.794739 
0.886323 0.367525 0.439171 0.080115 0.173228 0.045526 0.235993 0.077342 0.986311 0.715818 
0.856210 0.344324 0.951151 0.950813 0.105912 0.008680 0.433578 0.935296 0.218986 0.057719 
0.831201 0.065268 0.945358 0.219221 0.936100 0.330885 0.000753 0.001768 0.000020 0.819267 
0.841947 0.030218 0.311199 0.940537 0.391483 0.886368 0.398249 0.007155 0.936643 0.429014 
0.826816 0.015790 0.075487 0.979731 0.003812 0.602433 0.266180 0.007957 0.933097 0.604659 
0.818206 0.063531 0.920373 0.241851 0.909671 0.338232 0.006940 0.004863 0.000242 0.813110 
0.777189 0.001967 0.169905 0.834338 0.180353 0.995159 0.097647 0.027307 0.939118 0.948617 
0.825193 0.014832 0.187739 0.903430 0.115084 0.553933 0.234424 0.096869 0.779470 0.104123 
0.804780 0.003022 0.997767 0.977086 0.149104 0.969041 0.990135 0.241377 0.707761 0.759294 
0.808107 0.113434 0.783640 0.241244 0.415329 0.148503 0.095459 0.017329 0.016077 0.808844 
0.828517 0.849639 0.013920 0.848862 0.309700 0.138061 0.297045 0.268210 0.168167 0.260352 
0.807216 0.446756 0.832304 0.915199 0.109567 0.153145 0.824890 0.947592 0.413384 0.012591 
0.745775 0.072009 0.932587 0.656110 0.155491 0.274960 0.073182 0.969293 0.000131 0.025384 
0.749860 0.193411 0.847969 0.483384 0.225787 0.211242 0.169236 0.904260 0.050960 0.105838 
0.714876 0.005902 0.974008 0.018363 0.998542 0.016297 0.966178 0.018847 0.000162 0.819095 
0.750365 0.968313 0.239620 0.008798 0.970035 0.978347 0.745828 0.124397 0.569619 0.933821 
0.763291 0.592603 0.075524 0.001290 0.456929 0.001726 0.817758 0.454780 0.930691 0.953122 
0.712711 0.609528 0.102516 0.189914 0.170516 0.223044 0.411704 0.092413 0.372203 0.119935 
0.640154 0.110112 0.124610 0.936846 0.054137 0.962463 0.893469 0.024467 0.058557 0.821170 
0.645108 0.060311 0.779718 0.285356 0.057552 0.317541 0.029202 0.007271 0.289338 0.799040 
0.638114 0.125109 0.786702 0.042754 0.098366 0.344353 0.107644 0.059339 0.915025 0.241964 
0.645646 0.163380 0.791883 0.296735 0.143834 0.809961 0.126637 0.055029 0.434090 0.815947 
0.645076 0.056978 0.782325 0.284258 0.054494 0.318802 0.003305 0.310957 0.290136 0.798399 
0.615693 0.020485 0.064513 0.088359 0.022839 0.144834 0.000001 0.105954 0.794018 0.059492 
0.634246 0.111767 0.119595 0.981243 0.036257 0.969455 0.903251 0.022365 0.041767 0.827277 
0.632979 0.021281 0.516995 0.027252 0.251107 0.209166 0.011208 0.002254 0.911857 0.419001 
0.563114 0.003009 0.730978 0.128501 0.093578 0.407366 0.016349 0.182234 0.477220 0.809868 
0.633249 0.003679 0.864247 0.947627 0.003036 0.523483 0.863657 0.656332 0.287187 0.002156 
0.543623 0.732933 0.442464 0.656075 0.717806 0.962530 0.048313 0.737978 0.712117 0.294889 
0.557448 0.889331 0.677912 0.181067 0.922471 0.204334 0.714237 0.172611 0.021121 0.174879 
0.541463 0.853515 0.361053 0.653980 0.749349 0.992159 0.020527 0.828116 0.797660 0.307925 
0.542387 0.346405 0.804409 0.251704 0.251393 0.046030 0.135754 0.698006 0.667638 0.342779 
0.523786 0.100100 0.158488 0.001230 0.131868 0.997456 0.921902 0.125323 0.476617 0.682011 
0.523959 0.107459 0.160466 0.022092 0.137898 0.997404 0.913099 0.132187 0.479753 0.678357 
0.453818 0.265898 0.643214 0.672245 0.013740 0.637064 0.490569 0.365863 0.354888 0.023993 
0.392206 0.111243 0.371410 0.112493 0.276996 0.549648 0.068313 0.561536 0.580736 0.313737 
0.391744 0.328048 0.664045 0.041731 0.518379 0.012557 0.077334 0.545103 0.691971 0.099817 
0.430566 0.013990 0.944228 0.059209 0.986761 0.093394 0.807543 0.059944 0.000917 0.606836 
0.379797 0.143821 0.526544 0.636220 0.102781 0.745416 0.150706 0.550580 0.481882 0.766679 
0.416250 0.002489 0.690300 0.007119 0.031980 0.242075 0.008568 0.153442 0.993856 0.059158 
0.416250 0.002489 0.690300 0.007119 0.031980 0.242075 0.024853 0.153442 0.993856 0.059158 
0.391744 0.328048 0.664045 0.041731 0.518379 0.012557 0.077334 0.509361 0.691971 0.099817 
0.365108 0.150539 0.696159 0.358153 0.514055 0.467806 0.300770 0.245915 0.510829 0.482838 
0.365108 0.150539 0.696159 0.358153 0.514055 0.467806 0.300770 0.245915 0.591201 0.482838 
0.368471 0.922252 0.184000 0.456957 0.537463 0.679566 0.475569 0.763939 0.163542 0.416226 
0.253818 0.308478 0.240561 0.476737 0.636883 0.851262 0.911190 0.460802 0.446094 0.339991 
0.307126 0.480275 0.462511 0.447108 0.022491 0.729922 0.185552 0.128392 0.410237 0.087708 
0.252264 0.304152 0.251641 0.484228 0.630033 0.852487 0.755986 0.459189 0.450789 0.346722 
0.258152 0.226506 0.337660 0.977653 0.660913 0.441026 0.278605 0.928599 0.620352 0.445773 
0.259916 0.180855 0.694264 0.425809 0.554094 0.961737 0.830812 0.494223 0.290268 0.360247 
0.268992 0.824393 0.987377 0.997755 0.923549 0.587540 0.993839 0.036063 0.874292 0.961645 
0.242848 0.538029 0.929452 0.568338 0.785792 0.652555 0.544721 0.400690 0.726371 0.303557 
0.261371 0.229645 0.328605 0.941500 0.655551 0.458557 0.282731 0.914305 0.599430 0.529419 
0.251055 0.098222 0.136579 0.211969 0.086992 0.827340 0.371931 0.559418 0.954433 0.246326 
0.244445 0.025859 0.016584 0.003419 0.022000 0.915696 0.142785 0.752252 0.995055 0.002408 
0.245403 0.025732 0.311081 0.833909 0.183069 0.260286 0.152198 0.089436 0.589549 0.814612 
0.149117 0.224566 0.989181 0.999388 0.888149 0.938370 0.549308 0.931309 0.823053 0.157189 
0.149243 0.213346 0.968062 0.986508 0.825145 0.778218 0.575426 0.876870 0.791124 0.227173 
0.149243 0.209742 0.988160 0.997495 0.836602 0.773441 0.579524 0.889111 0.818256 0.203155 
0.148685 0.996659 0.304690 0.992114 0.317953 0.039022 0.829261 0.919317 0.999148 0.950160 
0.145678 0.999534 0.051920 0.995934 0.168503 0.015990 0.946344 0.934673 0.871798 0.999873 
0.153476 0.203149 0.983268 0.961945 0.868494 0.814343 0.545882 0.964905 0.790786 0.196248 
0.149968 0.985741 0.349232 0.957166 0.885492 0.071409 0.837479 0.874714 0.987404 0.911094 
0.153476 0.175558 0.983268 0.961945 0.868494 0.177780 0.545882 0.964905 0.790786 0.196248 
0.151020 0.984714 0.348960 0.956771 0.882944 0.071782 0.836541 0.873631 0.986863 0.910834 
0.135202 0.959506 0.746667 0.309419 0.592418 0.527105 0.490499 0.373579 0.195702 0.296640 
0.134919 0.704217 0.158359 0.138702 0.576091 0.300473 0.548758 0.393970 0.551710 0.871108 
0.041452 0.170475 0.008263 0.916399 0.918364 0.815988 0.581243 0.269151 0.068238 0.924099 
0.045502 0.001085 0.672544 0.661842 0.952303 0.988609 0.084615 0.627805 0.988941 0.188363 
0.061115 0.062159 0.003686 0.119618 0.995202 0.976329 0.891742 0.070927 0.142861 0.391851 
0.078168 0.040285 0.953711 0.079132 0.008381 0.101063 0.987823 0.069195 0.987905 0.155556 
0.063532 0.014450 0.032434 0.003712 0.000360 0.022507 0.990254 0.002884 0.999224 0.170725 
0.072007 0.715915 0.105388 0.458459 0.096468 0.999091 0.085021 0.314356 0.313036 0.820757 
0.069994 0.919954 0.170535 0.230312 0.849521 0.005931 0.647612 0.301477 0.326569 0.977480 
0.062380 0.279538 0.445042 0.874245 0.703055 0.452301 0.429932 0.824413 0.652559 0.433090 
0.075174 0.855562 0.939256 0.536791 0.639847 0.830988 0.641786 0.340241 0.178621 0.126122 
0.077987 0.043022 0.379909 0.088226 0.016326 0.105080 0.944209 0.011249 0.984070 0.158730 
0.079777 0.091076 0.477301 0.179975 0.047035 0.130595 0.924003 0.172724 0.870378 0.234427 
0.000043 0.160579 0.209645 0.001991 0.791486 0.346079 0.584414 0.252666 0.830049 0.249566 
0.000292 0.240354 0.870444 0.014283 0.043533 0.005311 0.988727 0.974647 0.026212 0.000825 
0.000636 0.274598 0.878601 0.013335 0.040637 0.069680 0.985416 0.974707 0.043301 0.058541 
0.002306 0.004761 0.004279 0.002502 0.998972 0.181827 0.525653 0.063161 0.973451 0.087397 
0.002214 0.482162 0.889613 0.036429 0.043494 0.055558 0.969725 0.724777 0.112366 0.043719 
0.004775 0.394382 0.998708 0.071222 0.004727 0.932517 0.897351 0.947728 0.180192 0.578251 
