0.000000 0.340371 0.000302 0.359724 0.998351 0.996523 0.067359 0.959547 0.586718 0.999863 
0.000000 0.000798 0.002431 0.000185 0.999871 0.992573 0.342525 0.017215 0.999966 0.999991 
0.000000 0.582007 0.000087 0.615053 0.997423 0.998949 0.031677 0.993794 0.266220 0.999946 
0.000000 0.003748 0.001000 0.000032 0.999967 0.999909 0.873899 0.003325 0.999990 0.999999 
0.000000 0.000785 0.001200 0.000183 0.999867 0.991773 0.342787 0.016985 0.999967 0.981167 
0.000000 0.000798 0.022245 0.000185 0.999871 0.992573 0.342525 0.017215 0.999966 0.999991 
0.063950 0.110907 1.000000 0.085695 0.995524 0.098336 0.999991 0.999608 0.113911 0.998765 
0.066867 0.102449 0.999832 0.098541 0.999243 0.102738 0.999874 0.999532 0.102733 0.960114 
0.066879 0.102400 0.999637 0.098603 0.999270 0.102756 0.999879 0.999705 0.102655 0.959784 
0.067044 0.105791 0.999687 0.096977 0.998698 0.102948 0.999510 0.978064 0.111166 0.982377 
0.066598 0.104084 0.999606 0.096966 0.997978 0.102321 0.961590 0.993076 0.111007 0.984446 
0.067829 0.099807 0.999484 0.102705 0.999668 0.104187 0.999886 0.999897 0.109260 0.946838 
0.067063 0.106174 0.999693 0.096794 0.998633 0.102969 0.999468 0.975621 0.112127 0.977799 
0.066978 0.106324 0.999863 0.096521 0.999350 0.102844 0.999479 0.975370 0.112098 0.978806 
0.066978 0.106324 0.999304 0.096521 0.999350 0.102844 0.999479 0.975370 0.112098 0.978806 
0.067017 0.106290 0.999286 0.096645 0.998455 0.102901 0.999483 0.975203 0.112130 0.978364 
0.066994 0.106416 0.999292 0.096503 0.999406 0.102865 0.999917 0.974646 0.112142 0.978576 
0.222739 0.291205 0.367341 0.999584 0.318369 0.353934 0.355485 0.357129 0.336661 0.999985 
0.222739 0.291205 0.367341 0.999584 0.318369 0.353934 0.355485 0.357129 0.336661 0.426107 
0.222717 0.277932 0.367329 0.999969 0.317771 0.353952 0.355558 0.368796 0.336645 0.399320 
0.233252 0.375371 0.367654 0.995984 0.387656 0.344932 0.362058 0.380159 0.337246 0.828184 
0.222866 0.365136 0.367409 0.999487 0.321700 0.353833 0.355078 0.292140 0.336753 0.434007 
0.222564 0.291284 0.343333 0.999898 0.306235 0.354047 0.347656 0.291891 0.336576 0.427204 
0.228754 0.361373 0.367276 0.997816 0.346798 0.410800 0.355237 0.341264 0.336888 0.727360 
0.225907 0.329070 0.367170 0.998765 0.328443 0.351340 0.351938 0.318506 0.336746 0.110105 
0.223418 0.297999 0.345275 0.999585 0.312054 0.353319 0.348806 0.298941 0.336630 0.459228 
0.223272 0.297570 0.367312 0.999446 0.320063 0.353497 0.354888 0.236921 0.336676 0.372985 
0.223784 0.292728 0.346060 0.999462 0.314544 0.353024 0.349273 0.301848 0.336648 0.472566 
0.477932 0.681588 0.683902 0.009978 0.226169 0.700036 0.000706 0.675352 0.657990 0.679077 
0.478133 0.684985 0.681975 0.011905 0.293146 0.697546 0.000336 0.674753 0.662417 0.680857 
0.478952 0.698782 0.674149 0.003745 0.631154 0.759802 0.001044 0.672323 0.680394 0.688087 
0.486176 0.712139 0.668354 0.103638 0.744003 0.709545 0.686420 0.665877 0.717615 0.674399 
0.486400 0.667926 0.675670 0.622317 0.072727 0.709481 0.721172 0.665629 0.702529 0.679894 
0.486411 0.712923 0.674548 0.648216 0.057241 0.709478 0.726343 0.665617 0.696466 0.651754 
0.478133 0.684985 0.681975 0.038927 0.306190 0.711845 0.000772 0.674753 0.662417 0.680857 
0.486400 0.712972 0.673025 0.622330 0.022297 0.709481 0.647159 0.665629 0.700545 0.675230 
0.486400 0.712885 0.674253 0.622308 0.002563 0.709481 0.724444 0.665629 0.697473 0.652831 
0.486400 0.712897 0.667974 0.622543 0.754662 0.709481 0.705494 0.665629 0.719155 0.674219 
0.478133 0.684985 0.681975 0.038927 0.352520 0.711845 0.002638 0.674753 0.662417 0.680857 
0.491293 0.716159 0.677261 0.627036 0.757385 0.701038 0.708971 0.657710 0.710715 0.666255 
0.487816 0.675305 0.678506 0.618292 0.099594 0.674829 0.756436 0.731957 0.699017 0.672873 
0.603737 0.000154 0.805348 0.090005 0.088203 0.000162 0.000155 0.815235 0.000153 0.050558 
0.611596 0.000154 0.805348 0.090005 0.088203 0.000162 0.000155 0.815235 0.000153 0.050558 
0.611852 0.000154 0.805348 0.089200 0.088203 0.000162 0.000155 0.815235 0.000045 0.050558 
0.612715 0.000154 0.805348 0.090005 0.088203 0.000162 0.000155 0.824601 0.000153 0.050558 
0.606231 0.002133 0.823837 0.044838 0.000141 0.000140 0.000001 0.014187 0.004220 0.002785 
0.612323 0.000154 0.805348 0.087723 0.088203 0.000162 0.000155 0.815235 0.000015 0.050558 
0.615827 0.001164 0.834050 0.004145 0.002787 0.000035 0.000006 0.066682 0.004445 0.001757 
0.612323 0.000154 0.805348 0.090005 0.088203 0.000162 0.000155 0.815235 0.000153 0.050558 
0.612323 0.000154 0.805348 0.106835 0.088203 0.000023 0.000155 0.815235 0.000153 0.050558 
0.727162 0.000094 0.907594 0.000982 0.030382 0.900067 0.000106 0.061636 0.005712 0.023071 
0.727317 0.000096 0.907637 0.011524 0.030230 0.919346 0.000126 0.061518 0.006008 0.023149 
0.702905 0.000398 0.890982 0.007226 0.016297 0.001018 0.000049 0.002205 0.000608 0.023834 
0.709105 0.000024 0.898682 0.006282 0.009646 0.000736 0.000056 0.049630 0.001728 0.011618 
0.683083 0.000323 0.878585 0.008516 0.001425 0.000037 0.000007 0.006888 0.000752 0.000923 
0.695383 0.001532 0.885551 0.003702 0.012372 0.000686 0.000014 0.008128 0.006134 0.000292 
0.709105 0.000024 0.898682 0.006282 0.009646 0.000736 0.000056 0.049630 0.006789 0.011618 
0.708005 0.001024 0.897937 0.007096 0.019557 0.000438 0.000092 0.042907 0.005724 0.006134 
0.708316 0.005610 0.898013 0.011577 0.024023 0.000435 0.000216 0.036523 0.004680 0.005555 
0.727730 0.000015 0.917294 0.012399 0.030786 0.000049 0.000215 0.097260 0.005084 0.000529 
0.728277 0.000208 0.917830 0.012546 0.031097 0.000038 0.000219 0.098766 0.005066 0.000374 
0.803032 0.952346 0.952803 0.953715 0.953142 0.000308 0.953952 0.003685 0.069663 0.038229 
0.803032 0.952346 0.952803 0.953715 0.953142 0.001392 0.953952 0.003685 0.069663 0.038229 
0.801777 0.949414 0.950096 0.949833 0.953401 0.000393 0.951672 0.005006 0.075882 0.033573 
0.801777 0.949414 0.950096 0.949833 0.953401 0.002730 0.951672 0.005006 0.075882 0.033573 
0.801622 0.952805 0.952827 0.955654 0.952432 0.013339 0.954894 0.000164 0.064551 0.030309 
0.801781 0.949173 0.949974 0.949426 0.953429 0.002080 0.951446 0.001068 0.076670 0.033770 
0.801774 0.949170 0.949970 0.949422 0.953427 0.002985 0.951442 0.000209 0.076675 0.033771 
0.801781 0.949173 0.949974 0.949426 0.953429 0.002080 0.951446 0.005189 0.076670 0.033770 
0.803232 0.949681 0.950724 0.950197 0.953926 0.010847 0.952155 0.016635 0.075597 0.033415 
0.809220 0.962062 0.958275 0.958011 0.957268 0.020845 0.962819 0.011387 0.040584 0.049592 
0.814232 0.966646 0.967798 0.952062 0.963843 0.036226 0.968100 0.026791 0.032696 0.054091 
0.857564 0.975983 0.979695 0.977306 0.114003 0.979935 0.974181 0.020284 0.977643 0.009007 
0.896067 0.989184 0.987776 0.999804 0.987638 0.025048 0.995868 0.000208 0.006823 0.009786 
0.896067 0.989184 0.987776 0.999804 0.987638 0.025048 0.995868 0.000208 0.010575 0.009786 
0.896067 0.989184 0.987776 0.999804 0.987638 0.025048 0.995868 0.000208 0.014884 0.009786 
0.898362 0.983659 0.995538 0.991180 0.981048 0.002318 0.994901 0.000414 0.002465 0.001290 
0.891192 0.986742 0.987930 0.999935 0.987378 0.022864 0.994946 0.000100 0.014203 0.009617 
0.896559 0.983537 0.980923 0.999960 0.986232 0.005771 0.977658 0.000266 0.007695 0.010459 
0.896687 0.982661 0.999512 0.999936 0.985867 0.000412 0.983945 0.000281 0.000091 0.007053 
0.896360 0.979754 0.989814 0.999983 0.986795 0.019457 0.995526 0.000243 0.013378 0.008921 
0.896544 0.981344 0.983506 0.967172 0.986271 0.008633 0.982282 0.000025 0.008987 0.009947 
0.899029 0.984509 0.999953 0.999992 0.979130 0.000000 0.999532 0.000557 0.000072 0.000199 
0.948680 0.997012 0.998399 0.999996 0.003827 0.999935 0.996454 0.000284 0.996966 0.001653 
0.948992 0.997041 0.998432 0.999996 0.003876 0.999936 0.996518 0.000279 0.996992 0.004883 
0.947240 0.996880 0.998236 0.999995 0.003698 0.999970 0.996156 0.000085 0.996761 0.005406 
0.947240 0.996880 0.998232 0.999995 0.003708 0.999970 0.996156 0.000315 0.996761 0.005413 
0.944784 0.996643 0.997985 0.999996 0.003212 0.999929 0.995665 0.000351 0.996644 0.001066 
0.951993 0.997313 0.998789 0.999998 0.004053 0.999942 0.997143 0.010941 0.997473 0.001828 
0.950331 0.997123 0.999103 0.999997 0.001283 0.999956 0.996841 0.007925 0.997229 0.001870 
0.952952 0.997406 0.999611 0.999996 0.004255 0.999967 0.997334 0.000199 0.997513 0.003685 
0.957256 0.997803 0.999376 1.000000 0.004667 0.999952 0.998222 0.000111 0.998079 0.002384 
0.962678 0.998302 0.999995 0.999997 0.005187 0.999963 0.999340 0.000002 0.998793 0.000744 
0.969082 0.999753 0.999988 1.000000 0.000094 0.999976 0.998682 0.000011 0.999193 0.001397 
0.974214 0.998800 1.000000 0.999999 0.001850 0.999995 0.998877 0.000006 0.998668 0.003745 
0.979882 0.999697 1.000000 0.999999 0.000511 0.999995 0.999688 0.000001 0.999480 0.000091 
0.984731 0.999833 0.999802 0.999999 0.001214 0.999997 0.999975 0.000001 0.999978 0.017588 
0.990580 0.999496 0.999592 0.999998 0.000772 0.999998 0.999721 0.000004 0.999619 0.000282 
0.995385 0.999986 0.999997 0.999999 0.000028 0.999996 0.999998 0.000008 0.999859 0.001943 
1.000000 0.998723 1.000000 1.000000 0.999994 0.000843 0.017709 0.002254 0.998217 0.000000 
