0.000000 0.197770 1.000000 0.012687 0.000001 0.987446 0.378748 0.999991 0.999493 0.999816 
0.009123 0.009144 0.005867 0.009764 0.999812 0.009877 0.009783 0.002162 0.008844 0.013602 
0.016253 0.019984 0.017839 0.019969 0.999375 0.014474 0.024419 0.015277 0.020951 0.024981 
0.024759 0.038417 0.031808 0.036123 0.929040 0.038141 0.037819 0.037474 0.043735 0.045126 
0.024759 0.038417 0.031808 0.036123 0.929040 0.038141 0.037819 0.037474 0.043735 0.046924 
0.040320 0.057055 0.067535 0.058592 0.052746 0.047409 0.063635 0.064748 0.027187 0.062552 
0.050943 0.073743 0.069940 0.072852 0.074512 0.067590 0.079863 0.081717 0.074701 0.082455 
0.050943 0.073743 0.069940 0.072852 0.074512 0.067590 0.079863 0.081717 0.074701 0.077172 
0.059015 0.086836 0.084579 0.081112 0.089533 0.084809 0.129740 0.095044 0.089728 0.090844 
0.070100 0.103838 0.074278 0.098566 0.110945 0.103984 0.132061 0.112319 0.107136 0.106433 
0.081009 0.120975 0.122210 0.113209 0.136117 0.124708 0.125792 0.135660 0.125606 0.116976 
0.078976 0.117818 0.118730 0.110241 0.131810 0.121019 0.126157 0.131905 0.057593 0.114559 
0.094343 0.146941 0.150149 0.128239 0.181852 0.148508 0.153882 0.156219 0.147144 0.129618 
0.095810 0.147078 0.151605 0.128208 0.182275 0.164000 0.152498 0.156360 0.151790 0.129496 
0.098165 0.147297 0.153944 0.128159 0.182954 0.164517 0.150275 0.156586 0.159251 0.129302 
0.093317 0.140309 0.079535 0.129729 0.161335 0.148089 0.144593 0.149405 0.146444 0.135492 
0.124092 0.188654 0.197109 0.171038 0.224393 0.206554 0.191606 0.198565 0.198550 0.174011 
0.132320 0.201776 0.157608 0.188983 0.221736 0.205962 0.201631 0.190682 0.204337 0.220974 
0.144652 0.213995 0.219582 0.195075 0.246152 0.229753 0.217073 0.225119 0.223374 0.215010 
0.144635 0.213892 0.219517 0.195022 0.246719 0.229694 0.215819 0.225242 0.223355 0.198000 
0.156211 0.238848 0.242583 0.216009 0.263714 0.221659 0.261435 0.242731 0.235697 0.237429 
0.160601 0.253108 0.250088 0.224921 0.269282 0.251763 0.245860 0.253164 0.239779 0.205629 
0.166868 0.263161 0.261653 0.233365 0.274949 0.248792 0.256896 0.262017 0.257378 0.217199 
0.165642 0.257125 0.256767 0.229136 0.268365 0.222702 0.271317 0.257368 0.247566 0.241870 
0.170414 0.261498 0.264579 0.237309 0.274262 0.228453 0.271129 0.267909 0.254152 0.251299 
0.186163 0.294563 0.288702 0.259030 0.285072 0.225740 0.287949 0.289407 0.274269 0.274661 
0.168108 0.260642 0.260932 0.233254 0.271194 0.224020 0.272878 0.264239 0.250711 0.246835 
0.160601 0.253108 0.250088 0.224921 0.270975 0.251763 0.245860 0.253164 0.239779 0.205629 
0.216998 0.334440 0.330606 0.366389 0.433754 0.333612 0.336295 0.308528 0.335253 0.321732 
0.223523 0.344716 0.340306 0.322986 0.435574 0.342897 0.346509 0.316871 0.344918 0.332299 
0.222260 0.339159 0.338457 0.323199 0.357144 0.339711 0.338658 0.319839 0.331013 0.233223 
0.240195 0.368685 0.374123 0.357848 0.372817 0.364162 0.341685 0.360055 0.345125 0.316130 
0.240195 0.368685 0.374123 0.357848 0.372817 0.364162 0.338153 0.360055 0.345125 0.316130 
0.249355 0.381503 0.377509 0.366836 0.422621 0.396801 0.378501 0.372765 0.368215 0.361737 
0.263715 0.402012 0.400713 0.392901 0.382160 0.392310 0.388821 0.405666 0.377349 0.369050 
0.271867 0.413563 0.409929 0.405050 0.411332 0.402066 0.406381 0.421474 0.388518 0.387392 
0.271867 0.413563 0.409929 0.405050 0.411332 0.402066 0.406381 0.421474 0.388518 0.444806 
0.284845 0.441288 0.431471 0.418292 0.452682 0.430156 0.442502 0.395279 0.435741 0.431600 
0.291537 0.454135 0.442192 0.448729 0.444973 0.439867 0.465452 0.405152 0.439998 0.452142 
0.305147 0.467484 0.460091 0.465229 0.479277 0.460377 0.477700 0.467229 0.469758 0.456145 
0.304523 0.466857 0.459266 0.464395 0.478565 0.459047 0.476916 0.463704 0.467731 0.444641 
0.336428 0.501202 0.503642 0.505745 0.513604 0.501972 0.514134 0.504279 0.496046 0.497950 
0.336461 0.501255 0.499783 0.505759 0.513644 0.502024 0.514267 0.504322 0.494335 0.497958 
0.336696 0.501635 0.500111 0.505861 0.522619 0.502401 0.515230 0.504631 0.481924 0.498010 
0.337899 0.502649 0.503271 0.507631 0.515490 0.504349 0.456029 0.497673 0.496690 0.500349 
0.338228 0.504108 0.502246 0.506525 0.515838 0.504851 0.521494 0.506640 0.401216 0.498350 
0.338882 0.503615 0.503024 0.508891 0.516749 0.505936 0.417214 0.498685 0.497120 0.501951 
0.361547 0.540286 0.534624 0.518676 0.545683 0.538643 0.485109 0.539356 0.527005 0.504303 
0.358427 0.538001 0.547058 0.517744 0.536257 0.585671 0.492786 0.536971 0.535057 0.532015 
0.369844 0.558088 0.542053 0.522916 0.547652 0.632249 0.536932 0.559336 0.557218 0.549578 
0.416245 0.597055 0.590432 0.610550 0.602974 0.608990 0.610725 0.606537 0.538072 0.593471 
0.420823 0.604055 0.598699 0.614482 0.607092 0.611454 0.616820 0.611139 0.531228 0.595715 
0.425857 0.607540 0.601119 0.620485 0.610803 0.618911 0.620406 0.615844 0.550147 0.603985 
0.425864 0.607630 0.601021 0.620573 0.610853 0.618871 0.620416 0.615839 0.692970 0.603935 
0.416349 0.595977 0.590476 0.608279 0.600850 0.606588 0.620704 0.596662 0.544956 0.594243 
0.431715 0.620710 0.619779 0.623841 0.616891 0.617315 0.631322 0.622090 0.568334 0.601054 
0.437059 0.633717 0.626964 0.626455 0.630515 0.617360 0.616804 0.627665 0.586789 0.603561 
0.434136 0.624606 0.634482 0.626292 0.611394 0.619005 0.632994 0.626096 0.572016 0.602127 
0.438281 0.630751 0.630227 0.629482 0.622798 0.620849 0.640064 0.628692 0.581178 0.604273 
0.441520 0.644143 0.637257 0.628833 0.642015 0.616743 0.615370 0.632373 0.601383 0.603393 
0.456967 0.658378 0.591537 0.675321 0.652674 0.651487 0.657111 0.662477 0.568963 0.630538 
0.498761 0.699248 0.697107 0.700230 0.704386 0.697756 0.681197 0.683138 0.704904 0.695396 
0.500424 0.701164 0.699514 0.701423 0.718272 0.699816 0.683667 0.685372 0.707630 0.697417 
0.557916 0.767391 0.782704 0.742653 0.770798 0.771012 0.769074 0.762608 0.801872 0.767297 
0.542859 0.753044 0.750722 0.753070 0.756212 0.750938 0.792005 0.731724 0.710254 0.749041 
0.542859 0.753044 0.750722 0.753070 0.756212 0.750938 0.711490 0.731724 0.710254 0.749041 
0.542859 0.753044 0.750722 0.753070 0.756212 0.746904 0.792005 0.731724 0.710254 0.749041 
0.546912 0.757294 0.756709 0.754703 0.757893 0.769671 0.792527 0.737420 0.713047 0.754053 
0.553744 0.764118 0.778717 0.737950 0.767166 0.767296 0.759121 0.758831 0.823786 0.762702 
0.573319 0.779476 0.797425 0.760019 0.784207 0.784730 0.773032 0.776555 0.720954 0.784264 
0.575074 0.781000 0.800116 0.760222 0.785820 0.786910 0.771939 0.779139 0.721571 0.786294 
0.575400 0.781273 0.800618 0.760286 0.786143 0.793839 0.771701 0.779621 0.721670 0.786667 
0.654343 0.857891 0.856025 0.858619 0.841074 0.856825 0.852050 0.838750 0.836773 0.855127 
0.646477 0.848196 0.846411 0.848519 0.851252 0.846611 0.842607 0.829471 0.814262 0.852803 
0.681653 0.882059 0.889647 0.879023 0.871096 0.884079 0.877438 0.871000 0.864013 0.890449 
0.646477 0.848196 0.846411 0.848519 0.829062 0.846611 0.842607 0.829471 0.827302 0.845312 
0.658089 0.853297 0.877648 0.856188 0.860852 0.869194 0.859817 0.859907 0.833663 0.882853 
0.660790 0.853297 0.877648 0.856188 0.860852 0.869194 0.859817 0.859907 0.833663 0.882853 
0.684738 0.885943 0.885827 0.870395 0.901383 0.880649 0.880089 0.856675 0.858478 0.892492 
0.700100 0.909686 0.890428 0.879500 0.913446 0.888433 0.893099 0.880492 0.876111 0.902886 
0.699433 0.897794 0.911538 0.892308 0.911208 0.901824 0.893968 0.891997 0.881748 0.913446 
0.709360 0.948722 0.901142 0.886014 0.913657 0.895273 0.893694 0.886417 0.879131 0.908335 
0.719325 0.910077 0.890707 0.879697 0.916115 0.888698 0.893420 0.880816 0.876504 0.903204 
0.878591 0.992936 0.980528 0.982966 0.989062 0.980169 0.986726 0.983295 0.978621 0.981598 
0.878693 0.992934 0.980530 0.982969 0.980488 0.995606 0.986634 0.983380 0.980380 0.981648 
0.878758 0.992933 0.980531 0.982970 0.975043 0.986262 0.986575 0.983435 0.978960 0.981679 
0.878758 0.992933 0.980531 0.982970 0.975043 0.994375 0.986575 0.983435 0.981498 0.981679 
0.878474 0.995246 0.980376 0.982817 0.996707 0.980912 0.986532 0.983172 0.978319 0.981453 
0.878337 0.996355 0.980302 0.982744 0.990444 0.978344 0.986511 0.983045 0.978011 0.981344 
0.879016 0.992928 0.980534 0.982976 0.975305 0.995598 0.986345 0.983650 0.979480 0.981803 
0.878728 0.992933 0.980530 0.982969 0.975011 0.994409 0.986603 0.983409 0.978936 0.981664 
0.879456 0.992919 0.980540 0.982986 0.975754 0.999937 0.985950 0.984018 0.980370 0.982014 
0.878606 0.992951 0.980542 0.982980 0.988977 0.980281 0.986739 0.983310 0.978658 0.991356 
0.888552 0.992736 0.980661 0.983187 0.985030 0.997919 0.977786 0.991619 0.998765 0.986385 
0.957403 0.999092 0.997284 0.998901 0.995900 0.999863 0.997878 0.999281 0.997758 0.997615 
0.954982 0.999004 0.999315 0.998841 0.996056 0.999852 0.997764 0.999235 0.997530 0.997401 
0.954982 0.999004 0.999972 0.998841 0.996056 0.999852 0.997764 0.999235 0.997530 0.997401 
0.964431 0.996546 0.997263 0.999068 0.995991 0.999469 0.998648 0.999360 0.998972 0.998508 
0.982736 0.999825 0.999949 0.999840 0.999503 0.999984 0.999422 0.999995 0.999633 0.999386 
1.000000 1.000000 0.998924 0.006525 0.000000 1.000000 0.999521 0.999789 0.999951 0.999985 
