0.000000 0.999876 0.000000 0.000000 0.000000 0.999998 1.000000 1.000000 1.000000 0.999953 
0.009101 0.014535 0.008949 0.013097 0.007767 0.014461 0.021618 0.013452 0.015265 0.007803 
0.017332 0.028290 0.027794 0.026170 0.020791 0.027927 0.028079 0.027360 0.028943 0.029652 
0.025862 0.038728 0.039226 0.041019 0.040237 0.042572 0.041569 0.039129 0.041020 0.041054 
0.033123 0.050739 0.049843 0.051983 0.050032 0.053094 0.051314 0.051352 0.052317 0.052915 
0.041582 0.065161 0.062896 0.064758 0.067410 0.065352 0.065636 0.065594 0.065480 0.066733 
0.048608 0.075550 0.075314 0.077713 0.075742 0.076992 0.076608 0.076443 0.077268 0.076195 
0.057594 0.091335 0.089101 0.090217 0.088289 0.090397 0.090433 0.091040 0.089648 0.091228 
0.064894 0.104249 0.101894 0.101148 0.101504 0.100945 0.101786 0.100968 0.101553 0.102439 
0.073046 0.113703 0.114581 0.114180 0.114275 0.113813 0.114346 0.114921 0.114257 0.115198 
0.078063 0.121557 0.122304 0.122076 0.122014 0.121623 0.122157 0.123010 0.121997 0.122991 
0.087655 0.137313 0.137533 0.137154 0.136827 0.138636 0.136855 0.138639 0.138344 0.138819 
0.095090 0.149320 0.148923 0.149397 0.148717 0.149816 0.148327 0.149745 0.148595 0.149600 
0.099751 0.156277 0.156182 0.156845 0.156005 0.156010 0.155512 0.157274 0.155857 0.156880 
0.108651 0.169999 0.169371 0.169970 0.169166 0.169212 0.169806 0.170576 0.169167 0.170488 
0.117549 0.183369 0.183092 0.184223 0.182926 0.183095 0.183638 0.184731 0.182917 0.184327 
0.122128 0.190633 0.190218 0.191088 0.190958 0.192072 0.190325 0.190113 0.190194 0.189823 
0.131283 0.204983 0.204327 0.205434 0.205262 0.206670 0.204497 0.204139 0.204593 0.203744 
0.139208 0.217339 0.217019 0.215268 0.216842 0.216954 0.215879 0.218001 0.214902 0.216884 
0.146424 0.228157 0.227949 0.227648 0.228743 0.227643 0.226739 0.228849 0.227097 0.228086 
0.153060 0.238027 0.238036 0.237641 0.238539 0.237829 0.237725 0.238821 0.237271 0.237343 
0.160743 0.249269 0.250223 0.250347 0.251032 0.249632 0.248651 0.249671 0.248573 0.249758 
0.167861 0.260752 0.260250 0.260725 0.260489 0.260465 0.259375 0.261538 0.260133 0.260321 
0.173172 0.268541 0.268657 0.267801 0.268716 0.268591 0.267171 0.268793 0.268331 0.268827 
0.182005 0.281940 0.281825 0.282087 0.281810 0.282160 0.280568 0.282284 0.281585 0.282136 
0.188344 0.291525 0.291515 0.291898 0.291506 0.291348 0.290164 0.291372 0.291524 0.291904 
0.195807 0.302805 0.302806 0.302208 0.302802 0.301977 0.301456 0.303401 0.302982 0.303284 
0.204936 0.315686 0.316389 0.315817 0.317135 0.316249 0.315784 0.315718 0.315372 0.316406 
0.212573 0.326490 0.328017 0.327459 0.328062 0.328647 0.326873 0.328134 0.326592 0.327812 
0.219917 0.338203 0.338821 0.337345 0.339545 0.338833 0.338543 0.338109 0.338018 0.339000 
0.227600 0.349334 0.350060 0.349990 0.350158 0.350439 0.349658 0.349467 0.349293 0.350090 
0.235552 0.361517 0.362318 0.361649 0.361804 0.361757 0.361140 0.361160 0.361324 0.361674 
0.238848 0.366755 0.367399 0.366482 0.366632 0.366449 0.365900 0.366007 0.366312 0.366476 
0.249793 0.382416 0.382483 0.384331 0.382595 0.381711 0.381693 0.382512 0.382728 0.382407 
0.257123 0.392901 0.393189 0.392784 0.393383 0.393071 0.392673 0.392793 0.392614 0.393072 
0.267886 0.408403 0.408636 0.408625 0.408200 0.408421 0.407814 0.408247 0.408092 0.408317 
0.267886 0.408403 0.408636 0.408625 0.408200 0.408421 0.406745 0.408247 0.408092 0.408317 
0.280276 0.426145 0.426343 0.426924 0.425890 0.425307 0.425937 0.425945 0.425823 0.425752 
0.285919 0.434374 0.434515 0.435166 0.434003 0.434139 0.434108 0.434138 0.434022 0.433858 
0.302446 0.457405 0.457631 0.457275 0.457273 0.457433 0.456998 0.457194 0.457218 0.458376 
0.305727 0.462144 0.462348 0.461980 0.461969 0.462124 0.461704 0.461918 0.461950 0.464130 
0.313025 0.472054 0.472227 0.472048 0.471943 0.472123 0.471852 0.471943 0.471798 0.472275 
0.317206 0.477942 0.477886 0.478037 0.477517 0.477874 0.477636 0.478003 0.477934 0.477767 
0.324066 0.487520 0.487300 0.487466 0.486849 0.487193 0.487221 0.487251 0.487236 0.488164 
0.334959 0.501923 0.502179 0.502092 0.501931 0.502424 0.502637 0.502034 0.502124 0.502043 
0.344044 0.514087 0.514505 0.514304 0.514054 0.514722 0.515128 0.514301 0.514488 0.514415 
0.350773 0.523660 0.523916 0.524017 0.523298 0.523666 0.524624 0.523299 0.523500 0.523520 
0.351631 0.524626 0.524945 0.524929 0.524752 0.525456 0.526036 0.524906 0.525174 0.524669 
0.369101 0.547587 0.548854 0.547924 0.547042 0.547501 0.548495 0.545569 0.547597 0.547580 
0.380859 0.562595 0.564924 0.563709 0.562756 0.563245 0.564492 0.560795 0.563356 0.563092 
0.390383 0.575859 0.575220 0.576460 0.574955 0.576293 0.576572 0.575381 0.575478 0.575524 
0.395660 0.581892 0.581992 0.582122 0.581529 0.582892 0.582295 0.581822 0.581525 0.581425 
0.408986 0.599225 0.599259 0.599433 0.598714 0.599159 0.599323 0.599049 0.598580 0.598603 
0.415312 0.607192 0.607189 0.607265 0.606821 0.607487 0.607073 0.607133 0.606451 0.606459 
0.421856 0.615312 0.615100 0.615293 0.615118 0.615450 0.615025 0.616175 0.614531 0.615582 
0.424286 0.618445 0.618452 0.618348 0.618077 0.619023 0.618098 0.618705 0.618153 0.617846 
0.440660 0.638012 0.637962 0.637756 0.638114 0.637902 0.637542 0.638514 0.638195 0.637641 
0.452683 0.652602 0.652561 0.651671 0.652879 0.652577 0.651947 0.652692 0.653054 0.652436 
0.458463 0.659593 0.659647 0.659115 0.660015 0.660359 0.658909 0.659484 0.660512 0.659602 
0.466483 0.669459 0.669022 0.668555 0.669664 0.669093 0.668318 0.669082 0.668698 0.669179 
0.468379 0.671768 0.671302 0.670816 0.671980 0.670490 0.670578 0.671326 0.670937 0.671495 
0.485965 0.691224 0.690678 0.692875 0.691256 0.691611 0.690776 0.692189 0.693118 0.691815 
0.501176 0.707561 0.707409 0.708453 0.707975 0.708463 0.708518 0.708863 0.710847 0.708396 
0.501176 0.707561 0.707085 0.708453 0.707975 0.708463 0.708518 0.708863 0.710847 0.708396 
0.534630 0.744464 0.744661 0.744785 0.744961 0.744894 0.744466 0.744557 0.744806 0.744384 
0.532542 0.742403 0.742498 0.742650 0.743019 0.742729 0.742183 0.742348 0.742457 0.742157 
0.534864 0.744722 0.744921 0.745038 0.745412 0.745149 0.744716 0.744806 0.745043 0.744636 
0.547492 0.756454 0.757710 0.757640 0.758053 0.757908 0.758038 0.757747 0.757734 0.757686 
0.557716 0.766830 0.768017 0.767809 0.768229 0.768216 0.768867 0.768242 0.768195 0.768270 
0.559462 0.768295 0.769889 0.769643 0.770090 0.770061 0.770732 0.770076 0.769967 0.770119 
0.579410 0.787506 0.789973 0.789917 0.789069 0.789469 0.788912 0.789599 0.790488 0.789586 
0.586637 0.796377 0.797194 0.797128 0.796694 0.796562 0.796241 0.796377 0.797770 0.796820 
0.601148 0.809111 0.811860 0.809031 0.809842 0.810138 0.809468 0.810865 0.812967 0.812333 
0.671233 0.869938 0.869263 0.869474 0.869615 0.869380 0.869559 0.869593 0.869437 0.869487 
0.664536 0.864045 0.864194 0.864473 0.863968 0.864495 0.864625 0.864841 0.864379 0.864365 
0.663423 0.863215 0.863430 0.863653 0.863200 0.863696 0.863810 0.864065 0.863565 0.863520 
0.664678 0.865181 0.864303 0.864585 0.864720 0.864615 0.864731 0.864943 0.864506 0.864477 
0.664563 0.865106 0.864215 0.864495 0.863989 0.864514 0.864646 0.864861 0.864409 0.864387 
0.671480 0.869491 0.869539 0.869814 0.869401 0.870599 0.869774 0.869813 0.870276 0.869829 
0.682980 0.879388 0.879141 0.879658 0.878408 0.878735 0.878429 0.878779 0.879144 0.879365 
0.694234 0.885308 0.886666 0.886627 0.886790 0.886101 0.886500 0.885908 0.886740 0.887068 
0.710276 0.898155 0.898535 0.898195 0.895536 0.897351 0.898143 0.896762 0.897850 0.899101 
0.719450 0.907079 0.905711 0.905304 0.906085 0.904545 0.905016 0.903781 0.904776 0.906299 
0.749533 0.922714 0.921671 0.923586 0.923469 0.926582 0.920658 0.924791 0.924363 0.923115 
0.753165 0.924612 0.924343 0.924855 0.925769 0.927574 0.923308 0.927399 0.926184 0.925407 
0.767249 0.932460 0.932162 0.933125 0.933499 0.934519 0.930645 0.934410 0.933894 0.932692 
0.795322 0.947879 0.948763 0.948220 0.949358 0.949771 0.946481 0.949616 0.948776 0.947836 
0.795031 0.947743 0.948615 0.948085 0.949228 0.949803 0.946307 0.949496 0.948841 0.947711 
0.811725 0.955495 0.957041 0.955795 0.956660 0.957154 0.956254 0.956374 0.956494 0.954869 
0.822994 0.960577 0.962285 0.960821 0.961656 0.961954 0.961575 0.961107 0.963582 0.959710 
0.855566 0.973934 0.975217 0.974764 0.975073 0.975204 0.974339 0.974965 0.975337 0.974509 
0.856669 0.974387 0.975655 0.975236 0.975527 0.975652 0.974771 0.975434 0.975727 0.975010 
0.879979 0.982201 0.982648 0.982233 0.982152 0.982497 0.982142 0.982157 0.982675 0.981983 
0.890355 0.984721 0.985263 0.985098 0.986342 0.985194 0.984799 0.984513 0.985333 0.985500 
0.906639 0.989610 0.991803 0.989075 0.988915 0.989397 0.988693 0.989453 0.989067 0.988697 
0.923521 0.992955 0.992442 0.992807 0.992102 0.997077 0.992896 0.992754 0.992484 0.992356 
0.943086 0.995990 0.995553 0.995958 0.995414 0.998938 0.996045 0.995289 0.995575 0.995620 
0.960909 0.997318 0.998171 0.997682 0.997887 0.998056 0.999052 0.998390 0.997050 0.998118 
0.980114 0.999315 0.999474 0.999727 0.999857 0.999662 0.999659 0.999537 0.999502 0.999732 
1.000000 1.000000 1.000000 0.000428 0.000000 1.000000 0.999999 1.000000 1.000000 1.000000 
