0.000000 0.340371 0.000302 0.359724 0.998351 0.996523 0.067359 0.959547 0.586718 0.999863 
0.000000 0.000798 0.002431 0.000185 0.999871 0.992573 0.342525 0.017215 0.999966 0.999991 
0.000000 0.582007 0.000087 0.615053 0.997423 0.998949 0.031677 0.993794 0.266220 0.999946 
0.000000 0.003748 0.001000 0.000032 0.999967 0.999909 0.873899 0.003325 0.999990 0.999999 
0.000000 0.000785 0.001200 0.000183 0.999867 0.991773 0.342787 0.016985 0.999967 0.981167 
0.000000 0.000798 0.022245 0.000185 0.999871 0.992573 0.342525 0.017215 0.999966 0.999991 
0.062851 0.098457 0.098641 0.098892 0.099017 0.098949 0.098930 0.098467 0.098763 0.098068 
0.065063 0.101906 0.102033 0.101990 0.101690 0.102226 0.102133 0.101952 0.102173 0.102303 
0.083000 0.129694 0.129960 0.130011 0.129801 0.129998 0.129838 0.129802 0.129850 0.130241 
0.078221 0.122295 0.122553 0.122598 0.122438 0.122625 0.122470 0.122344 0.122414 0.122603 
0.081222 0.126949 0.127222 0.127227 0.127011 0.127247 0.127066 0.127005 0.127031 0.127530 
0.121651 0.189386 0.189491 0.190546 0.190470 0.189811 0.190112 0.189431 0.191131 0.189188 
0.134961 0.209444 0.210099 0.211199 0.211513 0.210350 0.209915 0.210045 0.209459 0.210000 
0.146911 0.228595 0.228666 0.230020 0.230536 0.228962 0.228486 0.228732 0.227976 0.228483 
0.155642 0.241950 0.242009 0.243530 0.243338 0.242336 0.242823 0.242015 0.241171 0.241862 
0.162262 0.252151 0.252192 0.253849 0.254585 0.252547 0.251994 0.252214 0.251374 0.251887 
0.161153 0.250448 0.250492 0.252127 0.252847 0.250842 0.250295 0.250517 0.249634 0.250195 
0.198423 0.307264 0.307535 0.307567 0.305673 0.305909 0.307183 0.307541 0.307571 0.307259 
0.210949 0.325396 0.325454 0.325581 0.325499 0.324738 0.325362 0.325717 0.325639 0.325383 
0.216480 0.333347 0.333489 0.333494 0.333096 0.333148 0.333299 0.333580 0.333552 0.333311 
0.231824 0.355922 0.355982 0.356188 0.355075 0.355986 0.355613 0.356699 0.355617 0.355576 
0.214597 0.330762 0.330879 0.330682 0.330594 0.330167 0.330589 0.330925 0.330163 0.330738 
0.266429 0.406333 0.406174 0.406560 0.406256 0.407867 0.405787 0.406291 0.405394 0.405633 
0.277290 0.421432 0.421990 0.422146 0.421528 0.421719 0.421626 0.422339 0.421226 0.421379 
0.288748 0.438006 0.438644 0.438319 0.438149 0.437826 0.438148 0.438320 0.437872 0.437948 
0.288746 0.438004 0.438642 0.438311 0.438147 0.437817 0.438264 0.438337 0.437869 0.437945 
0.291783 0.442400 0.443060 0.442718 0.442545 0.442239 0.442548 0.441631 0.442250 0.442339 
0.289242 0.438722 0.439363 0.439018 0.438867 0.438522 0.438861 0.439325 0.438590 0.438663 
0.350384 0.524643 0.525843 0.522899 0.523721 0.519277 0.522353 0.523856 0.523643 0.523995 
0.357846 0.532233 0.533938 0.533033 0.533761 0.533666 0.531593 0.533470 0.530963 0.533534 
0.373591 0.553648 0.551382 0.554230 0.554161 0.552172 0.551154 0.553692 0.552846 0.553738 
0.386558 0.570904 0.570186 0.570761 0.570644 0.571315 0.568600 0.570452 0.570460 0.574977 
0.399852 0.587209 0.586157 0.587016 0.587107 0.586480 0.587058 0.587979 0.586446 0.588146 
0.409594 0.599531 0.598036 0.599644 0.599591 0.599715 0.600394 0.600608 0.598814 0.600780 
0.424686 0.618906 0.618985 0.618718 0.618287 0.618875 0.620891 0.620327 0.618947 0.620617 
0.430666 0.626120 0.624479 0.625638 0.625827 0.625597 0.624737 0.624017 0.626136 0.627764 
0.454961 0.654816 0.655020 0.655043 0.657792 0.655030 0.653954 0.654721 0.654822 0.655541 
0.467606 0.670116 0.670609 0.670139 0.668540 0.670813 0.669548 0.670345 0.670111 0.670593 
0.479238 0.683241 0.683294 0.683657 0.683667 0.683955 0.683647 0.684219 0.683090 0.684510 
0.492637 0.698846 0.698674 0.699302 0.698909 0.699383 0.699100 0.699139 0.698959 0.698886 
0.496344 0.703037 0.702766 0.703589 0.702956 0.703003 0.703179 0.703578 0.703139 0.703067 
0.516741 0.726009 0.725523 0.724975 0.724775 0.725585 0.725368 0.725357 0.725370 0.725345 
0.525276 0.733974 0.734713 0.734894 0.733527 0.734298 0.734450 0.734243 0.733782 0.734158 
0.514932 0.723513 0.723536 0.724311 0.722914 0.723681 0.723426 0.723469 0.723507 0.723457 
0.551871 0.761015 0.765677 0.762631 0.761189 0.762495 0.763842 0.762255 0.760135 0.762816 
0.567088 0.776303 0.780263 0.777870 0.776603 0.778949 0.779482 0.778171 0.778223 0.777568 
0.579197 0.788884 0.790327 0.789254 0.788113 0.790566 0.790367 0.789089 0.786616 0.789160 
0.592477 0.803806 0.802042 0.803638 0.799039 0.802870 0.800607 0.801037 0.801164 0.801419 
0.603217 0.812224 0.814175 0.812100 0.811258 0.812968 0.811504 0.810589 0.813066 0.812821 
0.611804 0.819661 0.821652 0.819371 0.818628 0.820080 0.818193 0.817723 0.821552 0.820361 
0.635720 0.840190 0.841142 0.840260 0.839932 0.840894 0.841672 0.840378 0.841148 0.841513 
0.635720 0.840190 0.841180 0.840260 0.839932 0.840894 0.841672 0.840378 0.840089 0.841513 
0.644709 0.847146 0.848380 0.847893 0.848510 0.847798 0.848714 0.847728 0.848307 0.848483 
0.654456 0.857553 0.856238 0.856546 0.856466 0.856973 0.855942 0.855616 0.856982 0.857069 
0.666820 0.864583 0.865957 0.865088 0.865676 0.865910 0.865593 0.866620 0.866074 0.865794 
0.678355 0.875371 0.874351 0.874659 0.874634 0.875380 0.874711 0.876390 0.875440 0.874899 
0.687147 0.880846 0.881723 0.881432 0.880636 0.882122 0.881965 0.882645 0.881875 0.881481 
0.701335 0.891177 0.891947 0.891211 0.891748 0.891566 0.891853 0.892056 0.891944 0.891149 
0.707663 0.899474 0.897096 0.896495 0.897495 0.896124 0.896014 0.897336 0.895155 0.895364 
0.721288 0.905708 0.906326 0.904966 0.904909 0.904847 0.905759 0.905290 0.906106 0.904746 
0.727554 0.910421 0.912364 0.909096 0.909336 0.909456 0.910032 0.909895 0.910763 0.909285 
0.737352 0.916028 0.916034 0.916861 0.916182 0.915610 0.915277 0.916407 0.916534 0.915875 
0.745111 0.920363 0.920851 0.920818 0.921088 0.920846 0.920817 0.921370 0.922085 0.921020 
0.753551 0.925613 0.925818 0.925832 0.925601 0.925257 0.925055 0.925910 0.926480 0.925567 
0.765728 0.933149 0.933098 0.932570 0.933110 0.934988 0.933373 0.933849 0.933086 0.934693 
0.771252 0.935981 0.936393 0.935751 0.935806 0.935883 0.935531 0.935914 0.936438 0.938373 
0.781326 0.941933 0.942494 0.941371 0.941657 0.941978 0.941470 0.941722 0.941844 0.942110 
0.791719 0.946883 0.945756 0.946555 0.946685 0.946681 0.946974 0.947682 0.946886 0.946913 
0.797657 0.949902 0.948831 0.949423 0.949802 0.949381 0.949559 0.949445 0.949736 0.949715 
0.807637 0.955139 0.953749 0.954691 0.955020 0.953879 0.954618 0.954273 0.954941 0.954410 
0.815063 0.959166 0.958514 0.956831 0.957847 0.959611 0.957251 0.957472 0.958696 0.957314 
0.822042 0.962671 0.961602 0.960120 0.961245 0.963078 0.960587 0.960746 0.961117 0.961946 
0.831047 0.966161 0.965292 0.965220 0.965159 0.964839 0.964606 0.964702 0.965805 0.965751 
0.836896 0.968077 0.967305 0.967194 0.967158 0.968467 0.966727 0.966741 0.966991 0.967721 
0.847598 0.972218 0.971705 0.972397 0.971406 0.971767 0.971854 0.970790 0.971314 0.971451 
0.853862 0.973295 0.974270 0.973017 0.972842 0.973941 0.973575 0.973702 0.974034 0.973598 
0.860263 0.975530 0.976222 0.975589 0.975133 0.976029 0.975534 0.975422 0.976073 0.975801 
0.868308 0.979048 0.978518 0.978993 0.977671 0.978548 0.978760 0.978531 0.978724 0.978989 
0.874379 0.980637 0.980301 0.980607 0.979381 0.981086 0.980574 0.980290 0.981079 0.980749 
0.882587 0.982971 0.983004 0.982564 0.982780 0.982955 0.983199 0.982637 0.982940 0.983103 
0.888719 0.984456 0.984927 0.984305 0.984943 0.984859 0.984732 0.984502 0.984372 0.985125 
0.895133 0.986067 0.986395 0.986310 0.985229 0.987088 0.986773 0.986302 0.986466 0.986767 
0.901738 0.987456 0.987607 0.988154 0.987721 0.988065 0.988317 0.988114 0.988942 0.988607 
0.909213 0.991215 0.989031 0.989847 0.989039 0.988980 0.990347 0.990407 0.991279 0.989229 
0.914996 0.990929 0.989600 0.991191 0.990589 0.992046 0.991523 0.991144 0.992179 0.991168 
0.921145 0.992592 0.992312 0.992239 0.991624 0.992833 0.992152 0.992210 0.993104 0.992199 
0.927615 0.994192 0.993417 0.993436 0.993218 0.993269 0.993690 0.993372 0.993308 0.993225 
0.933516 0.995873 0.994157 0.994317 0.993231 0.994427 0.994477 0.994349 0.994916 0.994267 
0.939492 0.995355 0.996606 0.995254 0.995331 0.995669 0.995292 0.995191 0.995759 0.995417 
0.945604 0.995872 0.997868 0.996115 0.996012 0.996462 0.995760 0.995767 0.996674 0.995880 
0.951431 0.997317 0.997251 0.997509 0.997293 0.996755 0.997197 0.997191 0.996858 0.997702 
0.957128 0.997842 0.997481 0.997790 0.997537 0.996951 0.997454 0.997420 0.997062 0.997969 
0.963010 0.998307 0.998327 0.998697 0.998534 0.998984 0.998322 0.998272 0.998796 0.999102 
0.968449 0.998649 0.998637 0.998947 0.998819 0.999336 0.998629 0.998614 0.999991 0.999648 
0.973795 0.999011 0.999035 0.999343 0.999131 0.999978 0.999056 0.999189 0.999864 0.999596 
0.979255 0.999381 0.999444 0.999751 0.999449 0.999934 0.999497 0.999421 0.999730 0.999528 
0.984500 0.999941 0.999624 0.999936 0.999873 0.999951 0.999739 0.999844 0.999860 0.999896 
0.989750 0.999889 0.999882 0.999968 0.999994 0.999891 0.999857 0.999977 1.000000 0.999986 
0.994913 0.999964 0.999981 0.999998 0.999994 0.999964 0.999999 0.999992 1.000000 0.999991 
1.000000 0.999992 1.000000 1.000000 1.000000 0.000127 0.000343 0.999956 0.999998 0.000000 
