0.000000 0.340371 0.000302 0.359724 0.998351 0.996523 0.067359 0.959547 0.586718 0.999863 
0.000000 0.000798 0.002431 0.000185 0.999871 0.992573 0.342525 0.017215 0.999966 0.999991 
0.000000 0.582007 0.000087 0.615053 0.997423 0.998949 0.031677 0.993794 0.266220 0.999946 
0.000000 0.003748 0.001000 0.000032 0.999967 0.999909 0.873899 0.003325 0.999990 0.999999 
0.000000 0.000785 0.001200 0.000183 0.999867 0.991773 0.342787 0.016985 0.999967 0.981167 
0.000000 0.000798 0.022245 0.000185 0.999871 0.992573 0.342525 0.017215 0.999966 0.999991 
0.062435 0.097814 0.097998 0.098247 0.097661 0.098305 0.098288 0.097823 0.098121 0.097423 
0.073781 0.115833 0.115746 0.115599 0.115581 0.115746 0.115629 0.115511 0.115706 0.116081 
0.083654 0.130919 0.130956 0.131014 0.130985 0.131022 0.130733 0.131050 0.131211 0.131169 
0.098467 0.153555 0.153779 0.154143 0.154098 0.153944 0.153994 0.154365 0.154474 0.153808 
0.105859 0.165060 0.165290 0.165628 0.165583 0.165453 0.165494 0.165852 0.165971 0.165296 
0.118900 0.185480 0.185274 0.186050 0.185841 0.184779 0.185545 0.185181 0.185856 0.185153 
0.131705 0.204976 0.205198 0.205721 0.205816 0.205433 0.205223 0.205068 0.205752 0.205038 
0.140230 0.218104 0.218191 0.219194 0.218811 0.218570 0.218185 0.218143 0.218528 0.218285 
0.155356 0.241431 0.241501 0.242202 0.241928 0.241831 0.241504 0.240466 0.241465 0.241378 
0.167624 0.260303 0.260383 0.260420 0.260987 0.261048 0.260367 0.260343 0.259943 0.260246 
0.175423 0.271778 0.272193 0.272360 0.272629 0.272442 0.271849 0.271889 0.271470 0.271796 
0.198420 0.306964 0.307128 0.307377 0.306726 0.306546 0.306595 0.305713 0.307090 0.307161 
0.211735 0.326363 0.326498 0.326476 0.327077 0.326073 0.326320 0.326561 0.326627 0.326368 
0.216353 0.333171 0.333313 0.333318 0.333622 0.332972 0.333123 0.333404 0.333377 0.333135 
0.233238 0.357905 0.357868 0.358101 0.358018 0.358138 0.357673 0.358086 0.357683 0.357417 
0.250615 0.383226 0.383410 0.383536 0.384063 0.383678 0.383138 0.383704 0.383004 0.382886 
0.262559 0.400563 0.400420 0.400804 0.400512 0.400929 0.401391 0.400659 0.401001 0.400608 
0.281044 0.427140 0.427093 0.427315 0.427098 0.427249 0.427422 0.427302 0.427092 0.427003 
0.291772 0.442384 0.442573 0.442702 0.442529 0.442523 0.442530 0.442834 0.442235 0.442323 
0.297491 0.450665 0.450860 0.450996 0.450783 0.450603 0.450825 0.450456 0.450487 0.450600 
0.293412 0.444758 0.444950 0.445079 0.444904 0.444685 0.444908 0.445096 0.444601 0.444696 
0.293155 0.444386 0.444564 0.444707 0.444536 0.444316 0.444535 0.444784 0.444229 0.444322 
0.348313 0.520416 0.519058 0.519874 0.520755 0.519925 0.521242 0.520995 0.520190 0.521331 
0.358584 0.534521 0.533604 0.533629 0.534280 0.531594 0.532791 0.534376 0.534068 0.534323 
0.374479 0.555259 0.554789 0.554443 0.554698 0.554914 0.554281 0.554644 0.554494 0.554017 
0.380904 0.563493 0.563196 0.562759 0.562993 0.563695 0.562643 0.562975 0.562741 0.562383 
0.401239 0.589552 0.589802 0.589079 0.589249 0.589411 0.589109 0.589341 0.588843 0.588861 
0.412366 0.603329 0.603162 0.604663 0.603312 0.603151 0.602876 0.603218 0.602900 0.603218 
0.428378 0.622495 0.622387 0.622728 0.623549 0.622922 0.622687 0.623188 0.623129 0.623879 
0.439147 0.636586 0.636598 0.636411 0.636408 0.636807 0.636513 0.636789 0.636238 0.636278 
0.446983 0.645705 0.645725 0.645646 0.646822 0.646022 0.645725 0.646060 0.645396 0.645706 
0.465922 0.668216 0.668772 0.668207 0.668696 0.668910 0.667506 0.668337 0.668232 0.667441 
0.479238 0.683241 0.683294 0.683657 0.683667 0.683955 0.683647 0.684219 0.683090 0.684510 
0.492637 0.698846 0.698674 0.699302 0.698909 0.699383 0.699100 0.699139 0.698959 0.698886 
0.505126 0.712920 0.712584 0.714304 0.712798 0.712959 0.712710 0.712723 0.712869 0.712595 
0.517513 0.726872 0.726310 0.726201 0.725604 0.726379 0.726206 0.726197 0.726200 0.726190 
0.528121 0.737179 0.737939 0.736764 0.737658 0.737506 0.737520 0.737473 0.737629 0.737610 
0.541421 0.752201 0.752270 0.752908 0.751443 0.751915 0.751419 0.752145 0.751761 0.751890 
0.558052 0.768898 0.769265 0.768366 0.769085 0.768256 0.768076 0.768381 0.768465 0.768512 
0.564720 0.774908 0.776483 0.774963 0.774885 0.775273 0.775118 0.774585 0.775571 0.775596 
0.579139 0.789457 0.789896 0.789287 0.788747 0.788852 0.788117 0.789517 0.789890 0.789146 
0.590423 0.800020 0.801390 0.800041 0.799195 0.800745 0.799838 0.799086 0.800105 0.800461 
0.599643 0.808598 0.810332 0.808540 0.807946 0.808337 0.808105 0.809662 0.808508 0.809062 
0.612120 0.819587 0.820913 0.819553 0.818557 0.819938 0.819450 0.818688 0.818922 0.820028 
0.624505 0.830169 0.831376 0.830640 0.831270 0.830959 0.830315 0.831078 0.830457 0.832327 
0.636073 0.840751 0.841254 0.841197 0.841483 0.840960 0.840615 0.840923 0.840947 0.841856 
0.644323 0.847742 0.847644 0.847663 0.848057 0.848460 0.847842 0.847690 0.847737 0.848266 
0.656493 0.858144 0.857587 0.858587 0.857860 0.857643 0.857780 0.857817 0.858024 0.857913 
0.664489 0.864430 0.864080 0.863708 0.864258 0.864512 0.864266 0.864417 0.864727 0.864214 
0.677644 0.874993 0.873952 0.874270 0.874638 0.875000 0.874315 0.876003 0.875052 0.874514 
0.687887 0.882010 0.882261 0.881698 0.882213 0.882185 0.882232 0.882419 0.882480 0.881748 
0.697770 0.889221 0.889795 0.889288 0.889576 0.889628 0.889868 0.889909 0.889980 0.889144 
0.707194 0.895427 0.896122 0.895530 0.896066 0.895503 0.895924 0.894615 0.896119 0.895162 
0.715255 0.901636 0.902358 0.901775 0.902280 0.901704 0.902212 0.901163 0.901990 0.901217 
0.726469 0.909299 0.909607 0.909353 0.908561 0.908704 0.909247 0.909105 0.909958 0.908504 
0.737380 0.916045 0.916052 0.916878 0.916199 0.915628 0.915295 0.916424 0.915877 0.915893 
0.745111 0.920363 0.920851 0.920818 0.921088 0.920846 0.920817 0.921370 0.922085 0.921020 
0.754288 0.926401 0.926607 0.926620 0.926389 0.926045 0.925842 0.926699 0.928194 0.926356 
0.763350 0.931509 0.930853 0.931390 0.931372 0.931288 0.931404 0.932215 0.931704 0.931705 
0.771655 0.936336 0.935859 0.935836 0.936279 0.936052 0.936290 0.936647 0.936146 0.935981 
0.780622 0.941409 0.940390 0.941017 0.941302 0.941083 0.941125 0.941390 0.941176 0.941787 
0.789774 0.946185 0.945747 0.945957 0.946081 0.945999 0.945842 0.946020 0.946037 0.945753 
0.797657 0.949902 0.948831 0.949423 0.949802 0.949381 0.949559 0.949445 0.949736 0.949715 
0.806899 0.954468 0.953591 0.954225 0.954539 0.954725 0.954135 0.953791 0.954457 0.953945 
0.820109 0.960577 0.959996 0.959443 0.960495 0.959127 0.960212 0.959939 0.960367 0.960072 
0.822504 0.961621 0.961840 0.960345 0.961533 0.960039 0.961273 0.961015 0.961396 0.962201 
0.831191 0.965258 0.965320 0.965258 0.965538 0.965407 0.964649 0.964727 0.964974 0.965728 
0.837843 0.967602 0.967660 0.967549 0.967820 0.967533 0.967104 0.967098 0.967351 0.968028 
0.846641 0.971868 0.971213 0.970657 0.971045 0.971367 0.971435 0.970438 0.970995 0.971122 
0.853475 0.973333 0.974047 0.973131 0.974086 0.973808 0.973506 0.973119 0.973814 0.973469 
0.860323 0.975323 0.976471 0.975358 0.976087 0.976017 0.975654 0.975684 0.976005 0.975678 
0.867636 0.978754 0.978178 0.978732 0.979348 0.978215 0.978421 0.978499 0.978404 0.978635 
0.874468 0.980666 0.980335 0.980632 0.979423 0.981109 0.980675 0.980319 0.981064 0.980779 
0.881621 0.982561 0.983062 0.982625 0.982839 0.983018 0.983260 0.982696 0.982999 0.983161 
0.888697 0.984646 0.984920 0.984297 0.984936 0.984851 0.984724 0.984495 0.985007 0.985117 
0.895133 0.986067 0.986395 0.986310 0.985229 0.987088 0.986773 0.986302 0.986466 0.986767 
0.901738 0.987456 0.987607 0.988154 0.987721 0.988065 0.988317 0.988114 0.988942 0.988607 
0.908335 0.989906 0.988389 0.990150 0.989487 0.991083 0.990580 0.989272 0.989545 0.990068 
0.914989 0.990928 0.989598 0.991190 0.990588 0.991185 0.991522 0.991065 0.990671 0.991167 
0.921117 0.992515 0.991825 0.992282 0.991879 0.992062 0.992577 0.992313 0.991947 0.992165 
0.927615 0.994192 0.993417 0.993436 0.993218 0.993269 0.993690 0.993372 0.993308 0.993225 
0.935574 0.994824 0.995554 0.994655 0.994634 0.994878 0.994764 0.994591 0.994951 0.994694 
0.939492 0.995355 0.996606 0.995254 0.995331 0.995669 0.995292 0.995191 0.995759 0.995417 
0.945589 0.996114 0.996012 0.996137 0.995874 0.996542 0.996071 0.995983 0.996560 0.996365 
0.951378 0.997464 0.997247 0.997505 0.997288 0.996872 0.997190 0.997186 0.997178 0.997696 
0.957238 0.997882 0.997791 0.998106 0.997785 0.998989 0.997761 0.997731 0.997850 0.997991 
0.962733 0.998285 0.998310 0.998681 0.998517 0.998971 0.998304 0.998252 0.998783 0.998280 
0.968449 0.998649 0.998637 0.998947 0.998819 0.999336 0.998629 0.998902 0.999991 0.999648 
0.973837 0.999014 0.999037 0.999345 0.999134 0.999978 0.999059 0.999192 0.999680 0.999597 
0.979237 0.999379 0.999443 0.999750 0.999448 0.999972 0.999496 0.999420 0.999730 0.999526 
0.984500 0.999941 0.999624 0.999936 0.999873 0.999951 0.999739 0.999844 0.999860 0.999896 
0.989750 0.999889 0.999882 0.999968 0.999994 0.999891 0.999857 0.999977 1.000000 0.999986 
0.994913 0.999964 0.999981 0.999998 0.999994 0.999964 0.999999 0.999992 1.000000 0.999991 
1.000000 0.999992 1.000000 1.000000 1.000000 0.000127 0.000044 0.999993 0.999998 0.000000 
