0.000000 0.340371 0.000302 0.359724 0.998351 0.996523 0.067359 0.959547 0.586718 0.999863 
0.000000 0.000798 0.002431 0.000185 0.999871 0.992573 0.342525 0.017215 0.999966 0.999991 
0.000000 0.582007 0.000087 0.615053 0.997423 0.998949 0.031677 0.993794 0.266220 0.999946 
0.000000 0.003748 0.001000 0.000032 0.999967 0.999909 0.873899 0.003325 0.999990 0.999999 
0.000000 0.000785 0.001200 0.000183 0.999867 0.991773 0.342787 0.016985 0.999967 0.981167 
0.000000 0.000798 0.022245 0.000185 0.999871 0.992573 0.342525 0.017215 0.999966 0.999991 
0.062975 0.098788 0.104219 0.099104 0.101223 0.098532 0.099638 0.100700 0.098935 0.999453 
0.063174 0.099068 0.104496 0.099384 0.101503 0.100217 0.099918 0.100979 0.099214 0.999848 
0.062176 0.097661 0.103107 0.097981 0.100102 0.097408 0.098517 0.099581 0.097815 0.975903 
0.063039 0.098879 0.098795 0.099193 0.999091 0.098639 0.099207 0.100794 0.099026 1.000000 
0.063039 0.098879 0.098795 0.099193 0.997850 0.098639 0.099207 0.100794 0.099026 1.000000 
0.063059 0.098906 0.098605 0.099219 0.998636 0.098666 0.099574 0.100821 0.099053 1.000000 
0.062975 0.098788 0.099116 0.099103 0.994416 0.098547 0.099155 0.100704 0.098936 0.999998 
0.062975 0.098655 0.099091 0.099102 0.998965 0.098546 0.099539 0.100704 0.098936 0.999948 
0.062975 0.098645 0.098993 0.099103 0.995291 0.098547 0.099567 0.100704 0.098936 0.999999 
0.062976 0.098791 0.099399 0.099103 0.999855 0.098548 0.097949 0.100704 0.098936 0.999653 
0.062975 0.098673 0.099236 0.099102 0.996265 0.098544 0.099488 0.100704 0.098936 0.999952 
0.203193 0.315736 0.316151 0.316664 0.316637 0.317005 0.317930 0.311269 0.317275 0.314866 
0.213885 0.330107 0.329505 0.332463 0.330680 0.335028 0.331531 0.328769 0.329706 0.328501 
0.218952 0.335464 0.336626 0.337673 0.337869 0.337713 0.334519 0.338312 0.335692 0.336706 
0.217275 0.334383 0.333901 0.335569 0.334828 0.335283 0.335486 0.330131 0.331754 0.333798 
0.219221 0.336621 0.336760 0.337913 0.338256 0.338009 0.339731 0.343559 0.337053 0.337299 
0.219684 0.337188 0.337391 0.338387 0.338915 0.338268 0.340444 0.344845 0.337691 0.337634 
0.218842 0.335395 0.336439 0.337501 0.337628 0.337582 0.339050 0.332515 0.335259 0.336477 
0.218854 0.335423 0.336453 0.337516 0.337645 0.337592 0.334730 0.332709 0.335301 0.336502 
0.219744 0.337326 0.337492 0.338560 0.338821 0.338316 0.340608 0.346351 0.338219 0.338240 
0.216723 0.333548 0.333238 0.334807 0.333860 0.334867 0.335577 0.329418 0.331270 0.332871 
0.218844 0.335358 0.336197 0.337507 0.337638 0.337589 0.339049 0.332526 0.335279 0.336473 
0.478464 0.682350 0.682366 0.682743 0.682442 0.683016 0.682717 0.682105 0.682205 0.683628 
0.477416 0.682437 0.680804 0.681925 0.681790 0.681158 0.681470 0.681016 0.680367 0.682083 
0.478004 0.681190 0.682009 0.683250 0.682448 0.682714 0.682603 0.682678 0.681881 0.681396 
0.478002 0.681188 0.682006 0.683247 0.682449 0.682711 0.682600 0.682673 0.681878 0.683492 
0.477685 0.682484 0.681048 0.682293 0.682590 0.681760 0.681884 0.681163 0.680776 0.682939 
0.477661 0.682488 0.681009 0.682280 0.681136 0.681723 0.681859 0.681135 0.680734 0.682918 
0.477207 0.680643 0.681008 0.682258 0.682585 0.681724 0.681857 0.681133 0.680734 0.682914 
0.477301 0.682420 0.680682 0.681786 0.682461 0.680925 0.681305 0.680935 0.680186 0.682576 
0.477851 0.681633 0.681870 0.682945 0.682484 0.682411 0.682374 0.679973 0.681529 0.683320 
0.476970 0.682549 0.681075 0.681174 0.682692 0.680649 0.681049 0.680390 0.679487 0.682313 
0.479594 0.682281 0.684002 0.683674 0.682423 0.684687 0.684090 0.683242 0.684168 0.684651 
0.488141 0.694313 0.692387 0.691282 0.692209 0.693224 0.695063 0.693257 0.695298 0.694172 
0.488140 0.694321 0.692384 0.691266 0.692202 0.694320 0.695805 0.693264 0.695298 0.694172 
0.488141 0.694313 0.692393 0.691290 0.690870 0.693224 0.695068 0.693251 0.695787 0.694172 
0.488134 0.695010 0.686815 0.693968 0.692988 0.693219 0.692686 0.693747 0.695059 0.694123 
0.488136 0.694754 0.689207 0.690696 0.694069 0.693221 0.695049 0.693696 0.695293 0.694169 
0.488140 0.694311 0.692321 0.691186 0.692506 0.693223 0.695011 0.693328 0.689378 0.694171 
0.488140 0.694382 0.692322 0.691190 0.692502 0.693223 0.695061 0.693326 0.689458 0.694171 
0.488134 0.694970 0.687105 0.693836 0.692951 0.693219 0.692497 0.694738 0.695071 0.694126 
0.488134 0.694987 0.687027 0.693679 0.696043 0.693219 0.692895 0.693743 0.695079 0.694127 
0.488140 0.694386 0.692319 0.691073 0.692518 0.693167 0.695023 0.693329 0.689156 0.694171 
0.488141 0.694248 0.692412 0.691414 0.692262 0.693224 0.689045 0.693193 0.695298 0.694172 
0.724126 0.905143 0.907729 0.906162 0.907754 0.907165 0.000000 0.907081 0.906700 0.907420 
0.724120 0.902754 0.907725 0.906160 0.907751 0.907163 0.000000 0.907080 0.906699 0.906811 
0.722952 0.000701 0.906895 0.905940 0.907106 0.906945 0.000000 0.906875 0.906735 0.907179 
0.722910 0.000693 0.906870 0.905927 0.907080 0.906931 0.001072 0.906861 0.906710 0.907165 
0.722503 0.000028 0.906540 0.905891 0.906716 0.906882 0.000000 0.906816 0.906395 0.907092 
0.722503 0.000069 0.906540 0.905891 0.906716 0.906882 0.000000 0.906816 0.906395 0.907092 
0.722503 0.000550 0.906540 0.905891 0.906716 0.906882 0.000000 0.906816 0.906395 0.907092 
0.722503 0.003287 0.906540 0.905891 0.906716 0.906882 0.000000 0.906816 0.906395 0.907092 
0.722503 0.003287 0.906540 0.905891 0.906716 0.906882 0.000000 0.906816 0.906395 0.907092 
0.723903 0.000060 0.907459 0.906248 0.907691 0.907268 0.002052 0.907191 0.907304 0.907516 
0.725857 0.000000 0.909009 0.907897 0.909002 0.908441 0.000000 0.908298 0.907780 0.908256 
0.733535 0.000153 0.914306 0.912319 0.913934 0.912018 0.002102 0.911719 0.911051 0.911065 
0.740460 0.000000 0.916710 0.917270 0.916001 0.915401 0.000000 0.914927 0.913725 0.912938 
0.805047 0.953454 0.953422 0.953433 0.953481 0.000002 0.953597 0.952863 0.000000 0.000094 
0.803258 0.952775 0.952492 0.952435 0.952662 0.000002 0.952951 0.952192 0.000000 0.000726 
0.803418 0.952836 0.952576 0.952524 0.952735 0.000002 0.953009 0.952252 0.000000 0.000910 
0.805964 0.953803 0.953899 0.953944 0.953901 0.000001 0.953928 0.953207 0.000000 0.000007 
0.805964 0.953803 0.953899 0.953944 0.953901 0.000003 0.953928 0.953207 0.000000 0.000007 
0.805964 0.953803 0.953899 0.953944 0.953901 0.000003 0.953928 0.953207 0.000000 0.000007 
0.805979 0.953808 0.953905 0.953957 0.953908 0.000003 0.953934 0.953212 0.000000 0.001832 
0.813611 0.956706 0.956757 0.960653 0.958223 0.000001 0.956690 0.956073 0.000001 0.000018 
0.822784 0.961676 0.961866 0.962290 0.961753 0.000001 0.963210 0.000000 0.000004 0.000080 
0.876158 0.982588 0.982200 0.982527 0.990572 0.981795 0.980965 0.981373 0.985984 0.980640 
0.890726 0.985403 0.985003 0.985253 0.991210 0.985994 0.984158 0.985824 0.988230 0.985700 
0.887904 0.985156 0.985383 0.985160 0.983816 0.982886 0.985812 0.986709 0.988363 0.986763 
0.890956 0.985421 0.984963 0.985248 0.991895 0.985892 0.984001 0.985756 0.988209 0.985597 
0.894376 0.985464 0.985734 0.985435 0.983183 0.986750 0.986725 0.987080 0.988488 0.987513 
0.894347 0.985453 0.985735 0.985573 0.983248 0.988024 0.986288 0.987038 0.988678 0.987378 
0.889273 0.985430 0.985035 0.985239 0.992028 0.985049 0.984015 0.984433 0.988390 0.983791 
0.888253 0.985208 0.985433 0.985313 0.983874 0.987491 0.985833 0.986554 0.988448 0.986802 
0.890772 0.985412 0.984965 0.985270 0.991595 0.986824 0.983999 0.985699 0.988273 0.984673 
0.894954 0.985316 0.985963 0.985616 0.983770 0.989491 0.984023 0.987318 0.987073 0.988056 
0.901175 0.987128 0.987267 0.990959 0.986020 0.988671 0.986604 0.980815 0.991607 0.988234 
0.911732 0.988978 0.989051 0.988769 0.988347 0.990386 0.988242 0.989635 0.992745 0.988255 
0.915973 0.989739 0.989868 0.993223 0.988082 0.991410 0.989109 0.990619 0.993551 0.989162 
0.923081 0.991226 0.997037 0.993912 0.995072 0.992619 0.990786 0.991880 0.994492 0.990762 
0.927130 0.992081 0.991981 0.993970 0.991434 0.993249 0.991598 0.988426 0.995054 0.992652 
0.936445 0.993450 0.993623 0.995066 0.992907 0.994834 0.994645 0.994254 0.997792 0.994187 
0.941195 0.994694 0.994415 0.994143 0.995935 0.998043 0.994294 0.994940 0.997094 0.994341 
0.945788 0.996381 0.995337 0.995908 0.995109 0.996397 0.997172 0.995912 0.999727 0.996480 
0.952325 0.997345 0.996528 0.996745 0.996544 0.997596 0.997683 0.997066 0.999477 0.997343 
0.958013 0.998537 0.997590 0.997203 0.998078 0.998548 0.998984 0.999826 0.999125 0.998895 
0.963342 0.998970 0.998536 0.998157 0.998964 0.999617 0.998544 0.999011 0.999849 0.998798 
0.968513 0.999045 0.999309 0.999513 0.999842 0.998181 0.998890 0.998942 1.000000 0.999945 
0.974324 0.999385 0.999964 0.998354 0.999226 0.998058 0.999732 0.999503 0.999403 0.999831 
0.979349 0.999582 0.999941 0.998680 0.999473 0.998648 0.999773 0.999659 0.999595 0.999575 
0.984612 0.999882 0.999629 0.999181 0.999353 0.999156 0.999742 0.999406 0.999677 0.999897 
0.989937 0.999999 0.999891 0.999365 0.999994 0.999893 0.999861 0.999987 1.000000 0.999915 
0.994940 0.999928 0.999845 0.999959 0.999837 0.999819 0.999995 0.999992 0.999999 0.999992 
1.000000 0.999946 1.000000 1.000000 1.000000 0.000127 0.001901 0.000138 0.999617 0.000000 
