0.000000 0.340371 0.000302 0.359724 0.998351 0.996523 0.067359 0.959547 0.586718 0.999863 
0.000000 0.000798 0.002431 0.000185 0.999871 0.992573 0.342525 0.017215 0.999966 0.999991 
0.000000 0.582007 0.000087 0.615053 0.997423 0.998949 0.031677 0.993794 0.266220 0.999946 
0.000000 0.003748 0.001000 0.000032 0.999967 0.999909 0.873899 0.003325 0.999990 0.999999 
0.000000 0.000785 0.001200 0.000183 0.999867 0.991773 0.342787 0.016985 0.999967 0.981167 
0.000000 0.000798 0.022245 0.000185 0.999871 0.992573 0.342525 0.017215 0.999966 0.999991 
0.062125 0.097326 0.097507 0.097766 0.097900 0.097818 0.097812 0.097336 0.097614 0.096885 
0.071840 0.112435 0.112645 0.111394 0.112599 0.111934 0.112566 0.112650 0.112673 0.112895 
0.082339 0.128684 0.128960 0.128959 0.128568 0.129112 0.128784 0.128335 0.128867 0.130520 
0.078889 0.123398 0.123629 0.123709 0.123264 0.122176 0.123271 0.123761 0.123600 0.124511 
0.075541 0.118126 0.118384 0.118418 0.117236 0.117909 0.118327 0.117910 0.118159 0.119117 
0.065938 0.103651 0.103934 0.103938 0.103545 0.103049 0.103760 0.103233 0.103496 0.103505 
0.078215 0.122371 0.122609 0.122715 0.122247 0.121770 0.122529 0.123128 0.122254 0.123907 
0.075586 0.118312 0.118442 0.118154 0.118139 0.116456 0.118388 0.117974 0.118883 0.118469 
0.080212 0.125415 0.125646 0.125769 0.125289 0.124815 0.125581 0.125073 0.125305 0.127225 
0.082032 0.128213 0.128482 0.128485 0.128095 0.127588 0.128305 0.127865 0.128097 0.130045 
0.176191 0.272177 0.271987 0.273758 0.274503 0.272174 0.271406 0.272240 0.271448 0.271945 
0.200258 0.309018 0.309311 0.309470 0.312434 0.309444 0.308168 0.309191 0.308175 0.308622 
0.210949 0.325396 0.325718 0.325581 0.325499 0.324738 0.325362 0.325717 0.325639 0.325383 
0.215949 0.332583 0.332742 0.332733 0.332365 0.331777 0.332536 0.332824 0.332792 0.332549 
0.216344 0.333273 0.333403 0.333216 0.333113 0.332703 0.333111 0.333449 0.332686 0.333107 
0.215766 0.332304 0.332487 0.332512 0.332130 0.331153 0.332261 0.332558 0.332515 0.332273 
0.216208 0.333105 0.333179 0.332955 0.332705 0.332482 0.332913 0.333257 0.332514 0.332914 
0.216216 0.333122 0.333193 0.332962 0.332716 0.332505 0.332926 0.333271 0.332517 0.332926 
0.288726 0.437975 0.438613 0.438211 0.438118 0.437706 0.438236 0.438548 0.437840 0.437916 
0.288901 0.438227 0.438867 0.439088 0.438372 0.438677 0.438489 0.438938 0.438094 0.438169 
0.289011 0.438387 0.439027 0.439644 0.438533 0.438120 0.438650 0.439185 0.438255 0.438329 
0.289036 0.438423 0.438931 0.438662 0.438569 0.438158 0.438686 0.440382 0.438291 0.438365 
0.350800 0.524688 0.523513 0.525664 0.526686 0.515406 0.526665 0.525162 0.527990 0.524532 
0.375895 0.556387 0.552278 0.556846 0.556758 0.555158 0.553951 0.556199 0.555429 0.556614 
0.374292 0.554273 0.551145 0.554892 0.554996 0.547643 0.551899 0.554380 0.554435 0.554539 
0.377849 0.558707 0.555801 0.559322 0.559460 0.552452 0.562487 0.558813 0.558878 0.559021 
0.403323 0.592728 0.589962 0.592186 0.590067 0.593540 0.590313 0.592806 0.592490 0.594643 
0.418331 0.610938 0.611640 0.609404 0.607344 0.611414 0.608921 0.609965 0.611232 0.612836 
0.428759 0.624179 0.622074 0.623501 0.622473 0.623201 0.622355 0.621149 0.624224 0.625981 
0.439487 0.636814 0.635222 0.635913 0.636039 0.638666 0.635156 0.633894 0.637467 0.638711 
0.455479 0.655464 0.657392 0.655979 0.656866 0.657399 0.654186 0.655536 0.655818 0.656826 
0.467606 0.670116 0.670609 0.670139 0.668540 0.670813 0.669548 0.670345 0.670111 0.670593 
0.478464 0.682350 0.682366 0.682743 0.682442 0.683016 0.682717 0.683371 0.682205 0.683628 
0.488448 0.694110 0.694049 0.694456 0.694334 0.693929 0.694489 0.694122 0.694234 0.694161 
0.488449 0.694108 0.693726 0.694443 0.694278 0.693974 0.694414 0.694097 0.694125 0.694162 
0.488450 0.694107 0.693518 0.694431 0.694277 0.693890 0.694290 0.693906 0.694292 0.694162 
0.488449 0.694108 0.693540 0.694436 0.694246 0.694000 0.694370 0.694568 0.694062 0.694162 
0.488450 0.694107 0.693519 0.694431 0.694293 0.693891 0.694291 0.693907 0.694335 0.694162 
0.553378 0.762193 0.768254 0.763076 0.762351 0.765383 0.765520 0.761780 0.761233 0.758019 
0.564654 0.774930 0.781196 0.774995 0.774173 0.777785 0.777868 0.773534 0.772887 0.769109 
0.603288 0.813177 0.810638 0.812965 0.812002 0.814656 0.811551 0.810755 0.810307 0.810814 
0.597810 0.807661 0.806163 0.807478 0.810657 0.806546 0.804304 0.805374 0.804917 0.805026 
0.603999 0.813913 0.811362 0.813698 0.807145 0.815402 0.812275 0.811474 0.811026 0.811536 
0.609447 0.819979 0.817355 0.828032 0.818752 0.821498 0.818277 0.817440 0.816995 0.817518 
0.642297 0.845441 0.848438 0.845920 0.846680 0.847120 0.846546 0.845576 0.846001 0.846468 
0.644936 0.847416 0.850255 0.848056 0.848992 0.847939 0.848891 0.847909 0.848492 0.848657 
0.645179 0.847441 0.849962 0.848411 0.849004 0.849216 0.848914 0.847919 0.848410 0.847292 
0.654312 0.854523 0.856127 0.855353 0.856354 0.856867 0.855833 0.855503 0.856879 0.855001 
0.658238 0.860568 0.859601 0.859173 0.860818 0.859951 0.858396 0.859826 0.861133 0.859351 
0.678315 0.873346 0.874375 0.874220 0.872676 0.876430 0.876779 0.877708 0.877364 0.875381 
0.692312 0.883879 0.889000 0.882325 0.883435 0.885743 0.885705 0.886550 0.886522 0.884919 
0.711839 0.898575 0.899630 0.893633 0.898446 0.898736 0.898158 0.898885 0.899299 0.898226 
0.710113 0.897738 0.898798 0.892749 0.897603 0.897896 0.897314 0.900676 0.898470 0.897380 
0.720474 0.905179 0.906003 0.898093 0.904830 0.905292 0.904517 0.905465 0.905857 0.904624 
0.728634 0.911227 0.914036 0.905351 0.910112 0.910206 0.910805 0.910618 0.911750 0.910054 
0.744909 0.922581 0.920732 0.920697 0.920980 0.920740 0.920715 0.921262 0.921980 0.920911 
0.743235 0.923044 0.919892 0.919885 0.920160 0.919910 0.920706 0.920461 0.921180 0.920093 
0.759489 0.929810 0.928867 0.928618 0.929134 0.931181 0.929407 0.929852 0.930523 0.930798 
0.767357 0.934263 0.933615 0.933058 0.933620 0.935577 0.933902 0.934375 0.935071 0.935330 
0.776777 0.940476 0.939263 0.939909 0.940213 0.940125 0.940042 0.940212 0.940277 0.940216 
0.786086 0.944248 0.942651 0.943260 0.943615 0.943233 0.943524 0.945548 0.943761 0.943537 
0.796786 0.949511 0.948275 0.949030 0.949407 0.948990 0.949165 0.949129 0.949345 0.949323 
0.797647 0.949898 0.948658 0.949418 0.949797 0.949376 0.949554 0.949440 0.949731 0.949710 
0.805745 0.954358 0.951184 0.953928 0.954422 0.954234 0.954046 0.948326 0.953609 0.954293 
0.819016 0.959373 0.957573 0.957634 0.960813 0.959936 0.959211 0.959539 0.959590 0.959945 
0.820812 0.960710 0.958786 0.958227 0.960373 0.961800 0.960259 0.960367 0.960221 0.961982 
0.832298 0.966191 0.965169 0.964014 0.964963 0.966547 0.964510 0.964548 0.964905 0.965623 
0.837776 0.968021 0.967463 0.966319 0.966986 0.968759 0.966744 0.966774 0.967207 0.967671 
0.849021 0.972662 0.973001 0.971317 0.971825 0.972218 0.970703 0.971357 0.971929 0.971988 
0.855015 0.975009 0.973685 0.973818 0.973955 0.974932 0.972977 0.973675 0.974301 0.974316 
0.860679 0.975671 0.977051 0.975954 0.975446 0.976270 0.976083 0.976082 0.976828 0.976231 
0.868614 0.978016 0.979358 0.978630 0.977814 0.978574 0.978647 0.977904 0.979334 0.978692 
0.874379 0.980637 0.980301 0.980607 0.979381 0.981086 0.980574 0.980290 0.981079 0.980749 
0.883684 0.982833 0.983956 0.982884 0.983158 0.983284 0.983201 0.982847 0.983108 0.983400 
0.888894 0.984498 0.984982 0.984354 0.985005 0.984913 0.984776 0.984555 0.984413 0.985027 
0.895387 0.986134 0.986470 0.986195 0.985301 0.987169 0.986849 0.986376 0.986540 0.986841 
0.901738 0.987456 0.987607 0.988154 0.987721 0.988065 0.988317 0.988114 0.988942 0.988607 
0.909213 0.991215 0.989031 0.989847 0.989039 0.988980 0.990347 0.990407 0.991279 0.989229 
0.915810 0.991905 0.990899 0.991494 0.990605 0.992119 0.991418 0.991489 0.992330 0.990074 
0.921306 0.992616 0.992335 0.992268 0.991469 0.992867 0.992177 0.992235 0.993130 0.992225 
0.927615 0.994192 0.993417 0.992839 0.993218 0.993269 0.993690 0.993372 0.993308 0.993225 
0.933516 0.995873 0.994157 0.994317 0.993231 0.994427 0.994477 0.994349 0.994916 0.994267 
0.939546 0.995188 0.994208 0.995219 0.997226 0.995520 0.995848 0.995385 0.994726 0.995437 
0.945604 0.995629 0.997868 0.996115 0.996012 0.996462 0.995760 0.995767 0.996674 0.995880 
0.951395 0.997041 0.996575 0.997762 0.997091 0.999222 0.996736 0.996896 0.997908 0.997112 
0.957188 0.997511 0.997490 0.997800 0.997547 0.996972 0.997463 0.997429 0.997079 0.997981 
0.963010 0.998307 0.998327 0.998697 0.998534 0.998984 0.998322 0.998272 0.998796 0.999102 
0.968572 0.998656 0.998644 0.998953 0.998826 0.999344 0.998636 0.998621 0.999991 0.999660 
0.973795 0.999011 0.999035 0.999343 0.999131 0.999978 0.999056 0.999189 0.999864 0.999596 
0.979269 0.999382 0.999444 0.999751 0.999450 0.999934 0.999497 0.999784 0.999731 0.999529 
0.984522 0.999882 0.999625 0.999937 0.999873 0.999951 0.999740 0.999844 0.999860 0.999896 
0.989752 0.999999 0.999882 0.999968 0.999981 0.999891 0.999857 0.999977 1.000000 0.999986 
0.994916 0.999964 0.999982 0.999982 0.999994 0.999964 0.999994 0.999992 1.000000 0.999991 
1.000000 0.999992 1.000000 1.000000 1.000000 0.000127 0.000343 0.000062 0.999998 0.000000 
