0.000000 0.999999 0.000000 0.000000 0.000000 1.000000 1.000000 1.000000 1.000000 0.999953 
0.009133 0.014394 0.009006 0.013151 0.014033 0.014514 0.021657 0.013500 0.015314 0.010685 
0.017576 0.029168 0.027794 0.026237 0.020885 0.027927 0.028079 0.027360 0.027775 0.028596 
0.025862 0.038728 0.039226 0.041019 0.040237 0.042572 0.041569 0.039129 0.041020 0.041054 
0.033842 0.051830 0.051068 0.053149 0.055647 0.054251 0.052203 0.052488 0.053428 0.054182 
0.041930 0.065745 0.067052 0.065283 0.067367 0.065856 0.066168 0.066179 0.066021 0.067301 
0.049653 0.077185 0.075204 0.079328 0.077367 0.078600 0.078231 0.078084 0.078870 0.077834 
0.057755 0.091526 0.089382 0.090438 0.088779 0.090636 0.090681 0.090745 0.089867 0.091500 
0.064894 0.104249 0.101894 0.101148 0.101504 0.100945 0.101786 0.100968 0.101553 0.102439 
0.073046 0.113703 0.114581 0.114180 0.114275 0.113813 0.114346 0.114921 0.114257 0.115198 
0.078796 0.123338 0.123996 0.123672 0.123719 0.123363 0.123662 0.124233 0.123671 0.124257 
0.088030 0.137243 0.137681 0.137879 0.137778 0.137417 0.134605 0.137926 0.137528 0.137861 
0.091954 0.144362 0.143725 0.143940 0.143341 0.143913 0.143472 0.143915 0.143582 0.143364 
0.101876 0.159664 0.159492 0.159463 0.159326 0.159371 0.158789 0.159342 0.159167 0.158412 
0.110096 0.172257 0.171567 0.172202 0.171332 0.171366 0.172108 0.172914 0.171336 0.171637 
0.116361 0.181813 0.181468 0.182082 0.181331 0.182748 0.181345 0.181351 0.181358 0.180880 
0.122407 0.191297 0.191100 0.191396 0.190958 0.192187 0.190691 0.190711 0.190648 0.190220 
0.131789 0.205630 0.204977 0.206136 0.205967 0.205910 0.205254 0.205104 0.205238 0.204644 
0.139930 0.218002 0.217499 0.218100 0.218307 0.218264 0.217433 0.217627 0.217645 0.216917 
0.146424 0.228157 0.227949 0.227648 0.228743 0.227643 0.226739 0.228310 0.227097 0.228086 
0.153060 0.238027 0.238036 0.237641 0.238539 0.237829 0.237725 0.238821 0.237271 0.237343 
0.160271 0.249110 0.249721 0.249446 0.249636 0.249008 0.247947 0.249015 0.249403 0.249075 
0.169091 0.262335 0.262469 0.261719 0.262527 0.262535 0.261064 0.262510 0.262107 0.262453 
0.175972 0.272765 0.272978 0.272994 0.273036 0.272850 0.271547 0.273056 0.273458 0.272984 
0.183725 0.284556 0.284462 0.284620 0.284454 0.284621 0.283200 0.284926 0.284260 0.284788 
0.188344 0.291525 0.291515 0.291898 0.291506 0.291348 0.290164 0.291372 0.291524 0.291904 
0.196711 0.303655 0.304050 0.303846 0.304466 0.303909 0.303814 0.303621 0.303468 0.304212 
0.203394 0.313702 0.314157 0.313982 0.314559 0.314026 0.313933 0.313541 0.313603 0.314350 
0.211141 0.325413 0.325536 0.325415 0.326038 0.326626 0.326175 0.326101 0.324536 0.325778 
0.221210 0.339647 0.340530 0.340392 0.340773 0.341203 0.340525 0.340349 0.340281 0.340641 
0.227600 0.349334 0.350060 0.349990 0.350158 0.350439 0.349658 0.349467 0.349293 0.350090 
0.235070 0.360238 0.360886 0.360892 0.360916 0.360931 0.360482 0.360340 0.360104 0.360855 
0.240688 0.369176 0.370037 0.369634 0.369117 0.369288 0.368290 0.368733 0.368982 0.369123 
0.248761 0.380758 0.380960 0.380546 0.381073 0.380475 0.380283 0.380815 0.380759 0.380883 
0.258005 0.394174 0.394456 0.394080 0.394631 0.394330 0.393944 0.394478 0.393872 0.394329 
0.263884 0.402928 0.403103 0.402648 0.403263 0.402836 0.402492 0.402667 0.402468 0.402943 
0.270689 0.412483 0.412722 0.412110 0.412422 0.412299 0.413164 0.412357 0.412173 0.412366 
0.280194 0.426260 0.425547 0.426680 0.426104 0.426036 0.425925 0.426015 0.425571 0.426016 
0.285141 0.433337 0.433459 0.433969 0.433031 0.433072 0.433032 0.433096 0.432578 0.433014 
0.296153 0.449081 0.449198 0.448621 0.448875 0.448825 0.448738 0.448794 0.448502 0.449606 
0.302721 0.458086 0.458095 0.457799 0.458029 0.457889 0.457754 0.457908 0.457685 0.458393 
0.314698 0.474505 0.474315 0.474533 0.474105 0.474414 0.474194 0.474523 0.474428 0.474413 
0.317206 0.477942 0.477886 0.478037 0.477517 0.477874 0.477636 0.478003 0.477934 0.477767 
0.330379 0.496090 0.495958 0.496241 0.496209 0.495996 0.496058 0.496003 0.495985 0.496785 
0.334959 0.501923 0.502179 0.502092 0.501931 0.502424 0.502637 0.502034 0.502124 0.502043 
0.341502 0.510831 0.511098 0.511076 0.510957 0.511435 0.510861 0.511006 0.511110 0.510547 
0.350851 0.523765 0.524022 0.524123 0.523401 0.523772 0.523450 0.523403 0.523605 0.523622 
0.355643 0.529691 0.529774 0.529962 0.529947 0.529573 0.530280 0.528624 0.529646 0.530142 
0.370934 0.550028 0.550243 0.550372 0.550367 0.549896 0.550994 0.550173 0.550020 0.550332 
0.375713 0.556418 0.556627 0.556785 0.556800 0.556201 0.552972 0.556567 0.556382 0.556746 
0.385421 0.569060 0.569201 0.569407 0.568607 0.569429 0.569655 0.568914 0.569200 0.568591 
0.400541 0.588392 0.588463 0.588417 0.587914 0.588335 0.588673 0.588225 0.587985 0.587829 
0.406162 0.595612 0.595744 0.595550 0.595110 0.595722 0.595765 0.595447 0.595088 0.595824 
0.409672 0.600086 0.600119 0.599892 0.599582 0.600011 0.600164 0.599930 0.599457 0.600407 
0.417488 0.609802 0.609712 0.609661 0.609442 0.609691 0.609969 0.610228 0.609946 0.609117 
0.426779 0.621539 0.621360 0.621307 0.621243 0.621398 0.621643 0.622290 0.621588 0.620750 
0.440049 0.637592 0.637538 0.637332 0.637684 0.637481 0.637136 0.638096 0.637781 0.637569 
0.452683 0.652602 0.652561 0.651900 0.652879 0.652577 0.651947 0.652692 0.653054 0.652436 
0.452451 0.652327 0.652264 0.653551 0.652586 0.652230 0.652743 0.652426 0.652689 0.652137 
0.467403 0.670001 0.670139 0.669861 0.669800 0.669933 0.669093 0.670194 0.669842 0.670303 
0.468024 0.670744 0.670886 0.670604 0.670875 0.670676 0.672254 0.670929 0.670576 0.671061 
0.493787 0.699652 0.700136 0.701322 0.700014 0.700169 0.699618 0.700679 0.700496 0.700213 
0.494200 0.700097 0.700623 0.701762 0.700474 0.700625 0.700089 0.701129 0.701454 0.700683 
0.505790 0.712575 0.714294 0.714102 0.713388 0.713421 0.713591 0.713744 0.713652 0.713873 
0.527486 0.737025 0.737336 0.737489 0.736940 0.737296 0.736804 0.737126 0.737256 0.736891 
0.533520 0.743368 0.743510 0.743649 0.743928 0.743333 0.743252 0.743382 0.743557 0.743199 
0.537884 0.747597 0.748141 0.748198 0.747879 0.748300 0.747901 0.747993 0.748162 0.747861 
0.547629 0.756711 0.757974 0.757901 0.758314 0.758171 0.758014 0.758014 0.757999 0.757955 
0.558582 0.767710 0.768890 0.769109 0.769091 0.769089 0.769811 0.769131 0.769082 0.769167 
0.563903 0.773151 0.774259 0.774081 0.774318 0.774900 0.774723 0.774261 0.774522 0.774377 
0.585376 0.795272 0.795500 0.796033 0.795503 0.795446 0.795117 0.795273 0.795869 0.795717 
0.586980 0.796640 0.796861 0.797392 0.796854 0.797611 0.796473 0.796629 0.797223 0.797079 
0.599723 0.807378 0.810090 0.807297 0.808097 0.808393 0.807728 0.808565 0.811184 0.808443 
0.667180 0.866592 0.866223 0.866448 0.866425 0.866549 0.866570 0.866281 0.866385 0.866386 
0.665740 0.865403 0.865143 0.865374 0.865184 0.865544 0.865509 0.865105 0.865301 0.865284 
0.670208 0.869033 0.868736 0.868708 0.868790 0.868934 0.868724 0.868761 0.868663 0.868700 
0.664888 0.864365 0.864503 0.864734 0.864504 0.864846 0.864902 0.864445 0.864645 0.864617 
0.664868 0.864315 0.864488 0.864719 0.864488 0.864829 0.864888 0.864429 0.864629 0.864601 
0.671233 0.869938 0.869548 0.869474 0.869615 0.869380 0.869559 0.869593 0.869437 0.869487 
0.685552 0.880704 0.880499 0.880964 0.879886 0.880038 0.879798 0.879951 0.880456 0.880746 
0.699673 0.890336 0.890760 0.890645 0.890946 0.889806 0.890498 0.889755 0.890675 0.891188 
0.711693 0.899212 0.899596 0.899239 0.900901 0.898369 0.899181 0.897751 0.898887 0.900177 
0.723017 0.906919 0.907483 0.907784 0.909026 0.905960 0.906929 0.903683 0.906579 0.907134 
0.752856 0.924613 0.926485 0.925441 0.925588 0.925179 0.923586 0.926673 0.926231 0.925405 
0.750459 0.923299 0.922197 0.924155 0.924246 0.923791 0.922172 0.925378 0.924959 0.924139 
0.767950 0.932890 0.935047 0.933544 0.934051 0.934904 0.934089 0.934819 0.934255 0.934187 
0.778179 0.938491 0.938663 0.939028 0.940343 0.940460 0.939522 0.940348 0.939681 0.938810 
0.795322 0.947879 0.948763 0.948220 0.949358 0.949771 0.948628 0.949616 0.948776 0.947836 
0.811666 0.955622 0.957009 0.955766 0.956630 0.957124 0.956221 0.956345 0.956464 0.954841 
0.825674 0.962942 0.963352 0.961749 0.962765 0.963050 0.962620 0.962236 0.960643 0.960936 
0.841974 0.968835 0.969866 0.968992 0.969569 0.969782 0.968985 0.968944 0.970219 0.968510 
0.857861 0.974711 0.974703 0.975466 0.975738 0.975889 0.975072 0.975641 0.976027 0.975212 
0.879979 0.982201 0.982648 0.982233 0.982152 0.982497 0.982142 0.982157 0.982675 0.981983 
0.890355 0.984721 0.985263 0.985098 0.986342 0.985194 0.984799 0.984513 0.985333 0.985500 
0.906639 0.989610 0.991803 0.989075 0.988915 0.989397 0.988693 0.989453 0.989067 0.988697 
0.923521 0.992955 0.992442 0.992807 0.992102 0.996660 0.992896 0.992754 0.992484 0.993139 
0.943086 0.995990 0.995553 0.995958 0.995414 0.998938 0.996045 0.995289 0.995575 0.995620 
0.960871 0.997315 0.998166 0.997678 0.997882 0.998057 0.999045 0.998384 0.998871 0.998112 
0.980114 0.999674 0.999474 0.999727 0.999857 0.999662 0.999659 0.999537 0.999502 0.999732 
1.000000 1.000000 1.000000 0.000000 0.000000 1.000000 1.000000 1.000000 1.000000 1.000000 
