0.000000 0.340371 0.000302 0.359724 0.998351 0.996523 0.067359 0.959547 0.586718 0.999863 
0.000000 0.000798 0.002431 0.000185 0.999871 0.992573 0.342525 0.017215 0.999966 0.999991 
0.000000 0.582007 0.000087 0.615053 0.997423 0.998949 0.031677 0.993794 0.266220 0.999946 
0.000000 0.003748 0.001000 0.000032 0.999967 0.999909 0.873899 0.003325 0.999990 0.999999 
0.000000 0.000785 0.001200 0.000183 0.999867 0.991773 0.342787 0.016985 0.999967 0.981167 
0.000000 0.000798 0.022245 0.000185 0.999871 0.992573 0.342525 0.017215 0.999966 0.999991 
0.064691 0.108383 0.999991 0.089150 0.996541 0.099460 0.999855 0.999194 0.113031 0.932834 
0.067829 0.099807 0.999484 0.102705 0.999668 0.104187 0.999886 0.999897 0.109260 0.946838 
0.065591 0.107549 0.999960 0.092043 0.996409 0.100775 0.999349 0.981377 0.110933 0.994768 
0.065553 0.106428 0.999970 0.091891 0.996643 0.100667 0.999369 0.931688 0.105135 0.930405 
0.071989 0.112566 0.987359 0.112690 0.994706 0.110294 0.985240 0.970440 0.121723 0.997502 
0.068832 0.106190 0.998117 0.102499 0.995558 0.105594 0.994393 0.932901 0.114410 0.974324 
0.065960 0.107642 0.999696 0.093235 0.996284 0.101330 0.998791 0.982877 0.111492 0.927882 
0.066612 0.107312 0.999338 0.095339 0.996119 0.102298 0.997792 0.971524 0.112154 0.925829 
0.069676 0.099572 0.998945 0.105229 0.995279 0.106862 0.998619 0.999384 0.111969 0.945647 
0.065553 0.106428 0.999970 0.091891 0.996643 0.100667 0.999369 0.931688 0.105135 0.901650 
0.065603 0.107875 0.999957 0.092087 0.996341 0.100807 0.999343 0.995795 0.112615 0.929511 
0.213945 0.326281 0.349062 0.990723 0.638706 0.344183 0.362502 0.320470 0.342170 0.373573 
0.222866 0.365136 0.367409 0.999487 0.321700 0.353833 0.355078 0.292140 0.336753 0.434007 
0.233252 0.375371 0.367654 0.995984 0.387656 0.344932 0.362058 0.380159 0.337246 0.828184 
0.233795 0.418301 0.367502 0.996091 0.382607 0.344950 0.362044 0.381323 0.337148 0.837144 
0.222729 0.291213 0.367321 0.999496 0.317544 0.353941 0.354982 0.291505 0.336656 0.426189 
0.222917 0.392949 0.367442 0.999484 0.323264 0.356019 0.355114 0.292379 0.336789 0.436949 
0.222569 0.291322 0.367029 0.999896 0.305529 0.354043 0.347662 0.291932 0.336577 0.427389 
0.222552 0.291334 0.366997 0.999939 0.302742 0.354054 0.346863 0.291979 0.336568 0.427520 
0.218895 0.286902 0.374703 0.985656 0.839979 0.351348 0.355183 0.282927 0.344450 0.329519 
0.213798 0.326876 0.375406 0.990567 0.644371 0.344015 0.362754 0.320955 0.342265 0.372658 
0.223119 0.276680 0.374359 0.930780 0.889626 0.353411 0.353058 0.273454 0.344964 0.351807 
0.344399 0.430232 0.018107 0.999037 0.476896 0.496420 0.061279 0.479778 0.503799 0.024160 
0.486400 0.712972 0.673025 0.622330 0.022297 0.709481 0.647159 0.665629 0.700545 0.675230 
0.486400 0.712885 0.674253 0.622308 0.002563 0.709481 0.724444 0.665629 0.697473 0.652831 
0.486400 0.712897 0.667974 0.622543 0.754662 0.709481 0.705494 0.665629 0.719155 0.674219 
0.478133 0.684985 0.681975 0.038927 0.352520 0.711845 0.002638 0.674753 0.662417 0.680857 
0.478133 0.684985 0.681975 0.038927 0.361888 0.711845 0.002638 0.674753 0.662417 0.680857 
0.478133 0.684985 0.681975 0.038927 0.379767 0.711845 0.002638 0.674753 0.662417 0.680857 
0.467357 0.034080 0.645618 0.663585 0.041637 0.682632 0.742384 0.638757 0.696769 0.647821 
0.479679 0.711040 0.667196 0.622209 0.095288 0.713481 0.744120 0.670164 0.696367 0.694510 
0.467605 0.049043 0.646454 0.649226 0.049410 0.683303 0.725379 0.639585 0.695979 0.688830 
0.486400 0.679742 0.677108 0.622310 0.100144 0.709481 0.761409 0.665629 0.703607 0.682429 
0.488124 0.716317 0.682219 0.617734 0.001035 0.765221 0.732494 0.667885 0.699824 0.660463 
0.603737 0.000154 0.805348 0.090005 0.088203 0.000162 0.000155 0.815235 0.000153 0.050558 
0.611596 0.000154 0.805348 0.090005 0.088203 0.000162 0.000155 0.815235 0.000153 0.050558 
0.606231 0.002133 0.823837 0.044838 0.000141 0.000140 0.000001 0.014187 0.004220 0.002785 
0.606274 0.002127 0.823930 0.044679 0.000141 0.000140 0.000001 0.014238 0.012757 0.002772 
0.599809 0.000004 0.805744 0.029224 0.040078 0.059296 0.000000 0.007617 0.000026 0.000096 
0.614651 0.001129 0.842097 0.013483 0.000001 0.000084 0.000001 0.024342 0.004409 0.000206 
0.615779 0.001215 0.844860 0.012286 0.000000 0.000033 0.000001 0.041723 0.004742 0.000215 
0.604206 0.046484 0.000036 0.000414 0.799979 0.069040 0.032344 0.000080 0.006862 0.006449 
0.608129 0.000010 0.807255 0.010043 0.080641 0.000021 0.000000 0.143006 0.000000 0.000039 
0.608996 0.000010 0.806650 0.010708 0.080540 0.000021 0.000000 0.142344 0.000002 0.000024 
0.708005 0.001024 0.897937 0.007096 0.019557 0.000438 0.000092 0.042907 0.005724 0.006134 
0.682214 0.000332 0.877900 0.008566 0.000450 0.000190 0.000002 0.005404 0.005921 0.000627 
0.693975 0.000880 0.884139 0.003988 0.002442 0.006736 0.000691 0.004025 0.006218 0.021431 
0.693538 0.000200 0.883912 0.000349 0.011175 0.007001 0.000003 0.004342 0.006173 0.020709 
0.693514 0.000199 0.883888 0.001070 0.011161 0.007012 0.000003 0.004277 0.006174 0.020734 
0.709026 0.000063 0.899033 0.007039 0.030517 0.000631 0.000173 0.051174 0.006564 0.009772 
0.698737 0.000067 0.886657 0.001155 0.013399 0.002722 0.000020 0.001689 0.006291 0.030029 
0.700422 0.000023 0.887549 0.007240 0.014051 0.001326 0.000026 0.000876 0.006329 0.033027 
0.709548 0.024019 0.898305 0.029552 0.041791 0.000421 0.023236 0.010773 0.000479 0.008708 
0.728277 0.000208 0.917830 0.012546 0.031097 0.000038 0.000219 0.098766 0.005066 0.000374 
0.723595 0.000000 0.893111 0.008832 0.027662 0.016268 0.000001 0.010882 0.006564 0.051702 
0.801781 0.949173 0.949974 0.949426 0.953429 0.002080 0.951446 0.001068 0.076670 0.033770 
0.801781 0.949173 0.949974 0.949426 0.953429 0.002080 0.951446 0.005189 0.076670 0.033770 
0.801705 0.949146 0.949935 0.949385 0.953403 0.011862 0.951409 0.005193 0.076726 0.033788 
0.801696 0.954051 0.953837 0.957686 0.952849 0.015255 0.956032 0.001490 0.060718 0.087332 
0.805742 0.958880 0.951666 0.962139 0.952704 0.010170 0.959153 0.000696 0.054720 0.046470 
0.805725 0.958841 0.958625 0.962501 0.952611 0.010349 0.959113 0.000626 0.055329 0.047242 
0.805726 0.958843 0.958626 0.962490 0.952618 0.010343 0.959115 0.003747 0.055307 0.047217 
0.805667 0.958818 0.958597 0.962124 0.952560 0.051852 0.959088 0.004442 0.055595 0.029351 
0.806459 0.959515 0.959416 0.961602 0.953580 0.012458 0.959889 0.045318 0.053582 0.047886 
0.814232 0.966646 0.967798 0.952062 0.963843 0.036226 0.968100 0.026791 0.032696 0.054091 
0.814538 0.966926 0.968127 0.951703 0.964247 0.035667 0.968422 0.027590 0.034352 0.054976 
0.857564 0.975983 0.979695 0.977306 0.114003 0.979935 0.974181 0.020284 0.977643 0.009007 
0.896353 0.979606 0.990161 0.999834 0.986817 0.019990 0.996221 0.000242 0.013599 0.008861 
0.896363 0.979702 0.990501 0.999837 0.986788 0.019326 0.998620 0.000243 0.013678 0.008599 
0.896659 0.982384 0.979524 0.999903 0.985945 0.001835 0.973939 0.000278 0.006226 0.010596 
0.896663 0.982406 0.998999 0.999903 0.985933 0.001797 0.997845 0.000278 0.006509 0.010571 
0.896630 0.982216 0.998978 0.999901 0.986030 0.001768 0.997808 0.000274 0.015748 0.000928 
0.896630 0.982217 0.998978 0.999968 0.986030 0.001767 0.997808 0.000274 0.015748 0.000932 
0.895888 0.993439 0.998568 0.997192 0.983225 0.001792 0.978395 0.000344 0.015978 0.010508 
0.896756 0.982932 0.999054 0.999909 0.985667 0.000248 0.997975 0.000289 0.016736 0.009975 
0.896663 0.982405 0.998999 0.999903 0.985934 0.001796 0.997845 0.000278 0.016010 0.010537 
0.898166 0.990885 0.999933 0.999997 0.981601 0.000001 0.997401 0.000456 0.002171 0.000688 
0.948992 0.997041 0.998432 0.999996 0.003876 0.999936 0.996518 0.000279 0.996992 0.004883 
0.944784 0.996643 0.997985 0.999996 0.003212 0.999929 0.995665 0.000351 0.996644 0.001066 
0.947078 0.996775 0.999961 0.999994 0.000009 0.999931 0.996223 0.000006 0.996733 0.003042 
0.946739 0.996728 0.999961 0.999994 0.000281 0.999931 0.996171 0.000025 0.996687 0.002716 
0.947553 0.996841 0.999961 0.999995 0.003726 0.999932 0.996296 0.000048 0.996797 0.003499 
0.945823 0.996601 0.999961 0.999993 0.003545 0.999983 0.996031 0.000331 0.996564 0.001835 
0.957256 0.997803 0.999376 1.000000 0.004667 0.999952 0.998222 0.000111 0.998079 0.002384 
0.953349 0.997647 0.999962 1.000000 0.004331 0.999945 0.997187 0.000207 0.997580 0.009074 
0.959599 0.998001 0.999989 0.999997 0.004165 0.999957 0.998725 0.000000 0.998386 0.001198 
0.962678 0.998302 0.999995 0.999997 0.005187 0.999963 0.999340 0.000002 0.998793 0.000744 
0.969082 0.999753 0.999988 1.000000 0.000094 0.999976 0.998682 0.000011 0.999193 0.001397 
0.974367 0.998815 0.999994 0.999999 0.001841 0.999995 0.998893 0.000063 0.998687 0.003946 
0.979882 0.999697 1.000000 0.999999 0.000511 0.999995 0.999688 0.000001 0.999480 0.000091 
0.985031 0.999811 0.999806 0.999999 0.010724 0.999985 0.999848 0.000013 0.999808 0.017243 
0.990498 0.998948 0.999999 1.000000 0.002581 0.999997 0.999860 0.000046 0.999160 0.001317 
0.995448 0.999970 0.999997 0.999999 0.000279 0.999995 1.000000 0.000007 0.999868 0.001951 
1.000000 0.998723 1.000000 1.000000 0.999994 0.003234 0.017709 0.002254 0.998217 0.000000 
