1.000000 1.000000 1.000000 1.000000 1.000000 1.000000 1.000000 1.000000 1.000000 1.000000 
1.000000 1.000000 1.000000 1.000000 1.000000 1.000000 1.000000 1.000000 1.000000 1.000000 
1.000000 1.000000 1.000000 1.000000 1.000000 1.000000 1.000000 1.000000 1.000000 1.000000 
1.000000 1.000000 1.000000 1.000000 1.000000 1.000000 1.000000 1.000000 1.000000 1.000000 
1.000000 1.000000 1.000000 1.000000 1.000000 1.000000 1.000000 1.000000 1.000000 1.000000 
1.000000 1.000000 1.000000 1.000000 1.000000 1.000000 1.000000 1.000000 1.000000 1.000000 
0.958793 0.999330 0.997933 0.999314 0.997919 0.998106 0.998154 0.999472 0.997899 0.998035 
0.956832 0.997986 0.997926 0.998133 0.997919 0.997988 0.997369 0.998104 0.997899 0.998035 
0.956492 0.997532 0.997925 0.998214 0.997919 0.998272 0.998116 0.997883 0.997899 0.998035 
0.956837 0.998004 0.997926 0.998133 0.997919 0.998421 0.997386 0.998004 0.997899 0.998066 
0.956429 0.997447 0.997924 0.998230 0.997919 0.998325 0.997161 0.997841 0.997899 0.998035 
0.957095 0.998461 0.997926 0.998075 0.997919 0.998033 0.997704 0.997717 0.997899 0.996085 
0.956817 0.997959 0.997926 0.998136 0.997919 0.997986 0.997351 0.998104 0.997899 0.999079 
0.957041 0.998363 0.997926 0.998087 0.997919 0.998024 0.997635 0.998104 0.997899 0.999173 
0.956831 0.997975 0.997926 0.998133 0.997919 0.999327 0.997354 0.998001 0.997899 0.998035 
0.956683 0.997794 0.997925 0.998169 0.997919 0.999433 0.997301 0.997943 0.997899 0.998054 
0.956678 0.997787 0.997925 0.998171 0.997919 0.997521 0.997298 0.997940 0.997899 0.999743 
0.869050 0.980344 0.000507 0.980067 0.982436 0.980394 0.980190 0.980042 0.980037 0.979083 
0.860217 0.976230 0.000457 0.976644 0.976420 0.976416 0.976251 0.976149 0.975946 0.975985 
0.858047 0.975219 0.000564 0.975123 0.974951 0.975439 0.975275 0.975193 0.974941 0.975222 
0.858047 0.975219 0.003223 0.975123 0.975187 0.975439 0.975313 0.975193 0.974941 0.975178 
0.858047 0.975219 0.000444 0.975123 0.974942 0.975439 0.975283 0.975193 0.974941 0.975224 
0.858047 0.975219 0.001492 0.975123 0.974952 0.975439 0.975284 0.975193 0.974941 0.975222 
0.857923 0.975156 0.001106 0.975067 0.975169 0.975383 0.975428 0.975138 0.974883 0.975117 
0.858047 0.975219 0.000383 0.975123 0.974952 0.975439 0.974958 0.975193 0.974941 0.975222 
0.858047 0.975219 0.008625 0.975123 0.974951 0.975439 0.975275 0.975193 0.974941 0.975222 
0.858045 0.975215 0.000009 0.975122 0.974925 0.975438 0.975226 0.975192 0.974940 0.974680 
0.766720 0.928978 0.935580 0.933925 0.933312 0.934133 0.934185 0.934880 0.932509 0.935592 
0.753855 0.926856 0.927293 0.926040 0.926718 0.925972 0.926168 0.926843 0.924754 0.927754 
0.752117 0.925511 0.925910 0.924686 0.925384 0.924633 0.924827 0.925498 0.923444 0.926403 
0.739914 0.919442 0.917644 0.918405 0.918290 0.917427 0.917525 0.916860 0.916250 0.917325 
0.728794 0.910922 0.909931 0.912074 0.910539 0.910515 0.910543 0.911224 0.909340 0.909195 
0.716870 0.902667 0.901759 0.903799 0.902620 0.904396 0.902350 0.902963 0.901125 0.900836 
0.700640 0.892004 0.891015 0.892610 0.892181 0.891352 0.891280 0.891396 0.890231 0.891461 
0.692274 0.885199 0.884495 0.886330 0.885775 0.885013 0.884946 0.885152 0.883833 0.886282 
0.687815 0.882175 0.881395 0.883457 0.882814 0.882052 0.881965 0.882482 0.880799 0.880501 
0.670324 0.868757 0.867658 0.869658 0.869408 0.868066 0.867411 0.869154 0.867676 0.870274 
0.657650 0.857943 0.856755 0.859267 0.858286 0.857311 0.857475 0.858437 0.858018 0.858700 
0.647281 0.849899 0.848565 0.851315 0.850184 0.849170 0.851452 0.850472 0.849425 0.852438 
0.631869 0.837135 0.836032 0.838316 0.837508 0.836267 0.845229 0.838121 0.837656 0.840646 
0.621265 0.827033 0.826095 0.828115 0.827346 0.826231 0.827058 0.827889 0.827471 0.830376 
0.610955 0.818844 0.820141 0.820472 0.819212 0.817635 0.818872 0.820360 0.821494 0.820817 
0.590424 0.799798 0.798839 0.800976 0.800367 0.799219 0.801013 0.800734 0.800141 0.801148 
0.581619 0.791171 0.791943 0.792059 0.791691 0.790704 0.792469 0.791925 0.791169 0.791767 
0.581602 0.791154 0.791926 0.792183 0.791674 0.790687 0.792451 0.791907 0.791152 0.791799 
0.556232 0.767086 0.768242 0.767769 0.768157 0.766889 0.764520 0.766960 0.765792 0.763465 
0.542896 0.752874 0.751979 0.754295 0.754131 0.750933 0.751561 0.752255 0.752777 0.750265 
0.530239 0.740314 0.740787 0.740535 0.740108 0.740078 0.742312 0.740051 0.740033 0.742212 
0.524771 0.734185 0.734663 0.734384 0.733986 0.733965 0.731690 0.733953 0.733850 0.730683 
0.512608 0.721877 0.721686 0.721109 0.720920 0.718547 0.718337 0.720931 0.721053 0.717653 
0.483703 0.688745 0.688479 0.687865 0.689092 0.692534 0.687996 0.690048 0.691177 0.687967 
0.472226 0.675075 0.674801 0.674531 0.675348 0.678071 0.674518 0.676271 0.676809 0.677643 
0.465547 0.666968 0.666595 0.666430 0.667324 0.669780 0.666860 0.668142 0.668480 0.663913 
0.454666 0.655688 0.653895 0.656444 0.654548 0.653204 0.652752 0.656294 0.651924 0.656614 
0.443748 0.641198 0.643714 0.642810 0.640824 0.641058 0.642407 0.641758 0.641545 0.637828 
0.425604 0.619509 0.619602 0.621070 0.619364 0.618296 0.620127 0.620257 0.616977 0.619640 
0.413919 0.605626 0.605307 0.606789 0.605519 0.604592 0.606042 0.606275 0.603813 0.605558 
0.400357 0.588081 0.587523 0.588388 0.588785 0.588067 0.588857 0.589861 0.586550 0.587888 
0.387604 0.572189 0.570702 0.571807 0.573448 0.572845 0.572291 0.573088 0.571216 0.571855 
0.376010 0.557042 0.555280 0.556810 0.557065 0.556629 0.556747 0.557342 0.557744 0.556275 
0.366612 0.544543 0.543155 0.545277 0.545177 0.544497 0.544675 0.545094 0.544201 0.544106 
0.353877 0.528410 0.528748 0.528963 0.528003 0.526626 0.528049 0.527651 0.528555 0.527617 
0.342179 0.512242 0.511106 0.512958 0.512031 0.512846 0.512198 0.512282 0.512307 0.511823 
0.330403 0.495727 0.498740 0.496684 0.496303 0.496044 0.496179 0.495502 0.495769 0.496026 
0.319636 0.480633 0.480799 0.481815 0.481222 0.480686 0.481545 0.480700 0.480653 0.481605 
0.300152 0.454090 0.454276 0.455382 0.454557 0.453989 0.455178 0.454328 0.453874 0.454986 
0.295021 0.446503 0.446628 0.447913 0.447110 0.446618 0.447730 0.446801 0.446663 0.447426 
0.282948 0.429133 0.429349 0.430880 0.429668 0.429939 0.430658 0.429834 0.428624 0.430173 
0.266489 0.406472 0.406393 0.407354 0.405117 0.407583 0.406861 0.404350 0.405902 0.406150 
0.256613 0.392013 0.392127 0.392914 0.393047 0.393819 0.393095 0.391201 0.390241 0.392454 
0.247451 0.378154 0.378687 0.379719 0.378375 0.376729 0.380273 0.379334 0.377868 0.379426 
0.237420 0.362830 0.363931 0.365745 0.363645 0.365254 0.365351 0.364306 0.364722 0.358695 
0.226684 0.347195 0.348505 0.350386 0.348076 0.350001 0.349951 0.348854 0.349654 0.348473 
0.217965 0.333839 0.335714 0.337223 0.334253 0.337379 0.336722 0.335181 0.334228 0.334642 
0.197635 0.303742 0.305761 0.305989 0.304875 0.306264 0.305816 0.304248 0.304858 0.303979 
0.196665 0.302499 0.304347 0.304528 0.306972 0.304992 0.304414 0.302645 0.303403 0.302443 
0.177728 0.275705 0.276086 0.275528 0.275702 0.272203 0.276553 0.273935 0.274418 0.273589 
0.176441 0.274106 0.274221 0.273509 0.273824 0.275484 0.273283 0.271403 0.272431 0.277095 
0.167722 0.260738 0.261467 0.260182 0.260748 0.262091 0.260718 0.259548 0.258913 0.262783 
0.155016 0.241889 0.241756 0.240446 0.241689 0.242169 0.242821 0.241232 0.239277 0.239743 
0.136330 0.212193 0.212742 0.211713 0.212827 0.211440 0.212275 0.214973 0.210628 0.211911 
0.132274 0.202145 0.206445 0.205477 0.206564 0.204771 0.205646 0.209274 0.204411 0.205871 
0.128204 0.194712 0.199301 0.199026 0.200114 0.197657 0.199833 0.205006 0.198260 0.200376 
0.110149 0.172691 0.171895 0.171050 0.171933 0.172086 0.172081 0.172389 0.170137 0.170766 
0.110535 0.173311 0.172499 0.171647 0.172532 0.172699 0.172692 0.173025 0.177529 0.171328 
0.097020 0.152441 0.151452 0.150743 0.151520 0.151578 0.151380 0.152244 0.149904 0.148404 
0.092759 0.145220 0.144744 0.144157 0.144906 0.147031 0.144588 0.146209 0.143424 0.143556 
0.082181 0.129271 0.128315 0.128070 0.128454 0.129321 0.127952 0.129695 0.127075 0.127900 
0.073962 0.116877 0.115548 0.115078 0.115669 0.115560 0.115024 0.116863 0.114370 0.115734 
0.061986 0.095178 0.096943 0.096430 0.096911 0.097323 0.096185 0.097282 0.096223 0.097143 
0.054045 0.082547 0.084796 0.084255 0.084664 0.085416 0.083885 0.084499 0.084173 0.084646 
0.053299 0.081348 0.083643 0.083100 0.083502 0.084286 0.082718 0.083286 0.083024 0.083460 
0.039668 0.060411 0.062253 0.061853 0.062122 0.062645 0.061886 0.062160 0.061999 0.061519 
0.039668 0.060414 0.062258 0.061853 0.062122 0.062665 0.061869 0.062170 0.061998 0.063291 
0.000000 0.976946 0.001457 0.000042 1.000000 0.999440 0.043159 0.866746 0.000001 0.998874 
0.000000 0.999190 0.007015 0.000007 0.856621 0.999845 0.255755 0.999988 0.000001 0.999591 
0.000000 0.996014 0.001906 0.000001 0.847730 0.999961 0.198022 0.999998 0.000000 0.999945 
0.000000 0.976946 0.001457 0.000042 1.000000 0.999440 0.043159 0.866746 0.635675 0.998874 
0.000000 0.999044 0.002608 0.376468 0.830700 0.999939 0.294653 0.999986 0.000001 0.817927 
0.000000 0.999850 0.000717 0.000000 0.938263 0.999991 0.067290 1.000000 0.165495 0.999998 
