0.000000 0.999320 1.000000 0.000001 0.000000 0.999163 0.994985 1.000000 0.999999 1.000000 
0.009213 0.015734 0.010158 0.013270 0.007317 0.015660 0.004340 0.014653 0.016464 0.023889 
0.017332 0.028290 0.023220 0.026170 0.020791 0.027927 0.028079 0.027360 0.028943 0.036134 
0.025617 0.040552 0.034850 0.040068 0.035382 0.040534 0.039799 0.040230 0.019906 0.033938 
0.033602 0.052668 0.053854 0.054130 0.054555 0.054748 0.054935 0.053642 0.056420 0.059502 
0.040358 0.063227 0.063799 0.064450 0.064395 0.065224 0.065083 0.067087 0.066136 0.069234 
0.049172 0.077499 0.073866 0.077755 0.078498 0.073756 0.077623 0.077717 0.076951 0.085169 
0.056159 0.088285 0.088494 0.088479 0.084821 0.089505 0.088331 0.088427 0.087607 0.095378 
0.064816 0.101725 0.099612 0.101618 0.099593 0.099669 0.107944 0.101673 0.101926 0.107749 
0.072532 0.113509 0.111160 0.113592 0.111256 0.115112 0.113406 0.113559 0.112404 0.115582 
0.080803 0.126477 0.126144 0.125931 0.126513 0.125724 0.126390 0.126070 0.127844 0.130755 
0.083735 0.131018 0.130725 0.130479 0.131250 0.131055 0.130851 0.130645 0.132094 0.134994 
0.094805 0.148534 0.150503 0.148339 0.149105 0.150482 0.148089 0.148168 0.147012 0.148158 
0.100294 0.156405 0.158340 0.156215 0.156955 0.158357 0.155968 0.156081 0.154901 0.159508 
0.106064 0.164547 0.165853 0.165711 0.164004 0.165785 0.164902 0.164999 0.164645 0.167176 
0.116983 0.182528 0.182679 0.182060 0.184979 0.191515 0.181443 0.182534 0.182225 0.183073 
0.123481 0.192700 0.192156 0.192124 0.194837 0.196989 0.191363 0.192835 0.192865 0.192249 
0.132679 0.208031 0.207094 0.204648 0.206645 0.207008 0.205337 0.204394 0.204432 0.207106 
0.137839 0.215320 0.214895 0.215738 0.214564 0.214811 0.213340 0.212549 0.212446 0.215249 
0.142168 0.221560 0.221519 0.220084 0.221466 0.221464 0.219835 0.223385 0.219651 0.221318 
0.150834 0.233637 0.234702 0.232792 0.234678 0.234781 0.233534 0.234078 0.232809 0.233881 
0.160774 0.249320 0.249008 0.248248 0.251064 0.249676 0.248692 0.249732 0.248621 0.249805 
0.167343 0.259488 0.261094 0.257576 0.261517 0.259661 0.258817 0.260380 0.258980 0.259703 
0.172918 0.267518 0.270618 0.266497 0.272069 0.267974 0.268343 0.268176 0.268298 0.266393 
0.181861 0.281412 0.281786 0.278693 0.281848 0.280403 0.279772 0.281150 0.279759 0.280345 
0.188882 0.291107 0.294233 0.293880 0.295412 0.292373 0.291974 0.292071 0.292491 0.292951 
0.192929 0.296883 0.293325 0.299589 0.301107 0.298421 0.298020 0.298063 0.298425 0.298924 
0.203738 0.318646 0.314646 0.313231 0.314715 0.313679 0.313484 0.314954 0.313193 0.314267 
0.212427 0.323168 0.327296 0.326139 0.327816 0.326378 0.326290 0.327585 0.326051 0.328082 
0.220642 0.336238 0.339898 0.338405 0.340157 0.339837 0.339605 0.339199 0.339104 0.340080 
0.224441 0.341859 0.345409 0.344045 0.345456 0.345490 0.345103 0.344727 0.344630 0.345442 
0.224441 0.341859 0.345409 0.344045 0.345456 0.345517 0.345103 0.344727 0.344630 0.345442 
0.245504 0.375746 0.377230 0.375558 0.377802 0.376176 0.374019 0.376748 0.376270 0.377053 
0.250289 0.382872 0.383647 0.382668 0.383716 0.382818 0.375133 0.383632 0.383152 0.383702 
0.255487 0.390889 0.391273 0.390565 0.391437 0.389787 0.389831 0.391603 0.390602 0.391508 
0.261761 0.400315 0.400153 0.399770 0.400155 0.398815 0.398971 0.400300 0.399520 0.399790 
0.271342 0.414025 0.413713 0.413822 0.413470 0.418042 0.412917 0.413572 0.413135 0.412427 
0.280008 0.426676 0.425976 0.426537 0.425509 0.425068 0.425550 0.425592 0.425453 0.423875 
0.287634 0.437932 0.436749 0.437804 0.436053 0.439526 0.436939 0.436387 0.436323 0.436963 
0.299631 0.453265 0.452620 0.453660 0.453156 0.452760 0.453755 0.454092 0.453432 0.450209 
0.297791 0.450729 0.450070 0.451071 0.450551 0.450174 0.449799 0.451583 0.450848 0.447318 
0.312476 0.471148 0.469847 0.471294 0.470827 0.471147 0.470520 0.470284 0.471311 0.472146 
0.316173 0.476244 0.475438 0.476480 0.475955 0.476238 0.475823 0.475498 0.476368 0.477498 
0.330047 0.495296 0.494788 0.496413 0.496011 0.495433 0.495327 0.495600 0.496039 0.494945 
0.337523 0.506056 0.505142 0.506616 0.505255 0.505426 0.505799 0.505891 0.505726 0.506080 
0.341433 0.511506 0.510652 0.512130 0.510629 0.511047 0.511306 0.511450 0.511099 0.511378 
0.343781 0.514779 0.513961 0.515441 0.513774 0.514422 0.514614 0.514788 0.514326 0.514559 
0.337152 0.506198 0.504628 0.506109 0.504796 0.504930 0.505279 0.505381 0.505246 0.505654 
0.366892 0.544665 0.545776 0.547974 0.541340 0.544949 0.547041 0.546243 0.544878 0.543623 
0.381831 0.564348 0.564263 0.567705 0.563604 0.564332 0.563723 0.563619 0.567526 0.559919 
0.405565 0.595276 0.595359 0.595446 0.594716 0.595696 0.595384 0.597367 0.594840 0.593879 
0.405922 0.595719 0.595802 0.593885 0.595170 0.596142 0.595819 0.597783 0.595285 0.594334 
0.417626 0.610122 0.609974 0.610139 0.609845 0.610432 0.609527 0.611297 0.609418 0.608871 
0.417673 0.610182 0.610022 0.610197 0.609902 0.611494 0.609587 0.611350 0.609478 0.608931 
0.425343 0.619710 0.619891 0.619469 0.619375 0.619893 0.619041 0.620021 0.619179 0.618518 
0.428384 0.623593 0.623677 0.623411 0.623714 0.624188 0.623117 0.623941 0.623312 0.622945 
0.435388 0.631986 0.631498 0.631778 0.632126 0.632135 0.631294 0.631812 0.630888 0.630951 
0.449193 0.649193 0.648178 0.648417 0.648592 0.649082 0.647536 0.647392 0.648517 0.648281 
0.451114 0.651343 0.650845 0.650405 0.651501 0.651432 0.649805 0.652038 0.650675 0.650893 
0.451404 0.651689 0.651038 0.650743 0.651890 0.651787 0.650151 0.649814 0.651041 0.651237 
0.451092 0.651343 0.650845 0.650405 0.651501 0.651432 0.649805 0.652038 0.650675 0.650893 
0.492363 0.698518 0.697791 0.701356 0.697711 0.699303 0.698197 0.698995 0.705633 0.699512 
0.531922 0.741488 0.741853 0.742022 0.742361 0.740606 0.741163 0.741374 0.741996 0.741481 
0.519847 0.727560 0.727680 0.730158 0.728916 0.728570 0.728491 0.728803 0.731145 0.729575 
0.537862 0.746872 0.747968 0.747580 0.750783 0.747312 0.747942 0.747967 0.747773 0.748028 
0.534060 0.743436 0.743853 0.744028 0.745317 0.743016 0.741709 0.743745 0.744194 0.743833 
0.538735 0.747663 0.748867 0.748770 0.752020 0.748297 0.749043 0.748934 0.748731 0.748990 
0.545401 0.753705 0.755729 0.755372 0.756571 0.755821 0.756752 0.756329 0.755319 0.756336 
0.541413 0.750091 0.751624 0.750902 0.755817 0.751320 0.751994 0.751908 0.751669 0.751941 
0.574805 0.787284 0.785163 0.785257 0.785538 0.784512 0.787436 0.786724 0.781084 0.784976 
0.577955 0.790707 0.788457 0.788415 0.788784 0.787718 0.785250 0.790043 0.783947 0.788151 
0.581923 0.786915 0.792550 0.792459 0.791598 0.791829 0.789276 0.792223 0.787558 0.792200 
0.668208 0.866915 0.867048 0.867107 0.868937 0.866243 0.867412 0.867539 0.865685 0.867241 
0.675379 0.872432 0.872432 0.872821 0.872874 0.870923 0.872630 0.872524 0.870961 0.872732 
0.672263 0.870742 0.870305 0.869630 0.869231 0.870741 0.869132 0.870536 0.869680 0.870135 
0.671501 0.870172 0.869747 0.869069 0.870668 0.870398 0.868545 0.870157 0.869140 0.869548 
0.672268 0.870747 0.870310 0.869634 0.874065 0.870735 0.870350 0.870542 0.869684 0.870140 
0.668082 0.866815 0.866950 0.867010 0.868837 0.869657 0.867320 0.867451 0.865587 0.867145 
0.672768 0.871123 0.870691 0.870042 0.869707 0.871152 0.869535 0.871024 0.870039 0.870525 
0.684953 0.880267 0.880006 0.879995 0.877787 0.881557 0.879545 0.879292 0.878662 0.879925 
0.696660 0.889057 0.888481 0.888376 0.891038 0.887239 0.888203 0.887369 0.886983 0.888952 
0.710255 0.899263 0.898621 0.900607 0.899082 0.893683 0.898009 0.896764 0.896624 0.899437 
0.711339 0.900076 0.899418 0.901490 0.900665 0.894203 0.898800 0.897512 0.897393 0.900273 
0.744303 0.920764 0.923067 0.919321 0.920114 0.925413 0.917916 0.920510 0.921614 0.921461 
0.758018 0.926575 0.929029 0.925687 0.929139 0.928599 0.924466 0.931308 0.928671 0.927518 
0.757321 0.926271 0.928732 0.925377 0.928842 0.928302 0.924087 0.919972 0.928376 0.927221 
0.880165 0.981827 0.982492 0.982110 0.983644 0.982376 0.981662 0.982465 0.982575 0.981604 
0.880407 0.981996 0.982659 0.982287 0.983801 0.982537 0.981841 0.982662 0.982645 0.981773 
0.881037 0.982689 0.982932 0.982773 0.983489 0.982923 0.982963 0.982960 0.983159 0.981957 
0.881119 0.982420 0.982949 0.982746 0.983341 0.982945 0.982245 0.983187 0.983054 0.981935 
0.880974 0.982660 0.982905 0.982744 0.983461 0.982895 0.982933 0.982928 0.983132 0.983429 
0.881120 0.982810 0.982979 0.982858 0.982812 0.982989 0.983162 0.983011 0.983232 0.983757 
0.881127 0.982778 0.982978 0.982791 0.983473 0.982980 0.983097 0.983011 0.983220 0.981993 
0.891552 0.984990 0.986074 0.985145 0.986001 0.985636 0.997196 0.985182 0.985291 0.984381 
0.907915 0.990068 0.994678 0.989536 0.989368 0.991162 0.988191 0.989908 0.989521 0.989157 
0.923839 0.992830 0.991891 0.992526 0.991539 0.993910 0.995704 0.991386 0.992118 0.991890 
0.941952 0.996686 0.995374 0.996495 0.995166 0.998323 0.994971 0.995031 0.995820 0.995922 
0.960909 0.997318 0.998171 0.997682 0.998386 0.998056 0.999052 0.998390 0.997050 0.998118 
0.980114 0.999315 0.999474 0.999727 0.999857 0.999662 0.999659 0.999537 0.999502 0.999732 
1.000000 1.000000 1.000000 0.006525 0.000000 1.000000 0.999947 1.000000 1.000000 1.000000 
