0.000000 0.340371 0.000302 0.359724 0.998351 0.996523 0.067359 0.959547 0.586718 0.999863 
0.000000 0.000798 0.002431 0.000185 0.999871 0.992573 0.342525 0.017215 0.999966 0.999991 
0.000000 0.582007 0.000087 0.615053 0.997423 0.998949 0.031677 0.993794 0.266220 0.999946 
0.000000 0.003748 0.001000 0.000032 0.999967 0.999909 0.873899 0.003325 0.999990 0.999999 
0.000000 0.000785 0.001200 0.000183 0.999867 0.991773 0.342787 0.016985 0.999967 0.981167 
0.000000 0.000798 0.022245 0.000185 0.999871 0.992573 0.342525 0.017215 0.999966 0.999991 
0.062274 0.097577 0.096307 0.097669 0.097583 0.097242 0.097928 0.097266 0.097731 0.999898 
0.062117 0.097578 0.097216 0.097759 0.098098 0.097245 0.098483 0.097319 0.097698 0.999490 
0.062117 0.097578 0.096385 0.097756 0.097408 0.097242 0.098437 0.097251 0.097734 0.999993 
0.062117 0.097578 0.096364 0.097809 0.097361 0.097242 0.098322 0.097220 0.097733 0.999718 
0.062117 0.097578 0.096395 0.097814 0.097261 0.097244 0.098468 0.097257 0.097568 0.999737 
0.062117 0.097578 0.097602 0.097718 0.098441 0.097247 0.098505 0.097374 0.097682 0.998641 
0.062117 0.097578 0.096364 0.097809 0.097361 0.097242 0.098434 0.097220 0.097733 0.999718 
0.062117 0.097578 0.096399 0.097811 0.097447 0.097245 0.098471 0.097266 0.097827 0.999374 
0.062101 0.097578 0.096370 0.097824 0.097338 0.097242 0.098486 0.097216 0.097733 0.999982 
0.062117 0.097578 0.096381 0.097850 0.097297 0.097242 0.098435 0.097207 0.097734 0.999312 
0.062117 0.097578 0.096400 0.097799 0.097246 0.097245 0.098481 0.097278 0.097852 0.999916 
0.201137 0.314159 0.313713 0.312004 0.314664 0.313251 0.310311 0.316271 0.311603 0.313849 
0.212704 0.328498 0.327683 0.328385 0.329329 0.329106 0.328844 0.328508 0.327866 0.327522 
0.216345 0.332161 0.333305 0.333415 0.334375 0.332727 0.331915 0.333935 0.332686 0.333107 
0.216451 0.332334 0.333377 0.333850 0.334500 0.332944 0.331886 0.334020 0.332769 0.333240 
0.214908 0.331230 0.330358 0.333531 0.332131 0.332126 0.331319 0.330831 0.330966 0.330149 
0.215272 0.331714 0.332705 0.334056 0.332609 0.331131 0.332454 0.331465 0.331383 0.330789 
0.218097 0.335094 0.334365 0.336422 0.336392 0.336441 0.335366 0.335218 0.334014 0.335218 
0.218313 0.335355 0.334637 0.336849 0.336680 0.336733 0.335571 0.335513 0.334221 0.335561 
0.215766 0.332121 0.331690 0.334395 0.333348 0.334602 0.332814 0.332454 0.331959 0.331539 
0.217315 0.333736 0.333962 0.335242 0.335512 0.334702 0.331650 0.334713 0.333443 0.334318 
0.214862 0.331173 0.330289 0.333465 0.332065 0.332063 0.332301 0.330791 0.330900 0.330073 
0.467095 0.669614 0.670619 0.668190 0.670336 0.669611 0.668435 0.669183 0.669332 0.671056 
0.474355 0.677903 0.678110 0.679592 0.678977 0.678421 0.678078 0.677914 0.678495 0.678338 
0.473866 0.677209 0.677551 0.678054 0.675831 0.677156 0.676710 0.676762 0.676761 0.677390 
0.475881 0.678973 0.679637 0.680656 0.680049 0.679489 0.679147 0.678988 0.679580 0.679409 
0.476990 0.681201 0.680685 0.681547 0.681093 0.681206 0.680903 0.680507 0.682275 0.679936 
0.478464 0.682350 0.682366 0.682743 0.682442 0.683016 0.682717 0.682105 0.682205 0.683628 
0.473784 0.676034 0.677042 0.678987 0.678178 0.677288 0.676978 0.677085 0.677562 0.676731 
0.478060 0.682926 0.681901 0.682401 0.682289 0.682513 0.682213 0.681649 0.681798 0.681005 
0.468271 0.672310 0.671757 0.670826 0.672406 0.670675 0.669942 0.670577 0.668931 0.671779 
0.474232 0.678913 0.677368 0.678066 0.679040 0.677606 0.677457 0.677490 0.676772 0.678495 
0.478763 0.682684 0.682675 0.683535 0.682760 0.683323 0.683093 0.682445 0.682543 0.683959 
0.488968 0.693927 0.691718 0.695260 0.694006 0.693560 0.695003 0.694603 0.694546 0.694208 
0.489527 0.694173 0.694511 0.695189 0.695263 0.693918 0.695061 0.693304 0.695148 0.694162 
0.488572 0.694227 0.690927 0.695018 0.694479 0.693777 0.695036 0.693235 0.695057 0.694164 
0.488141 0.694474 0.692378 0.691279 0.693731 0.692190 0.694436 0.694145 0.694252 0.694162 
0.488139 0.694316 0.691351 0.694947 0.694463 0.693768 0.694990 0.693246 0.695058 0.694163 
0.488141 0.694306 0.692377 0.691277 0.693675 0.692347 0.694460 0.692655 0.694191 0.694172 
0.488530 0.694251 0.691068 0.694655 0.691934 0.693622 0.694978 0.693323 0.694979 0.694164 
0.488140 0.693188 0.692364 0.695867 0.692744 0.692970 0.694873 0.693103 0.693160 0.694329 
0.489271 0.694199 0.691481 0.695038 0.694468 0.693777 0.695051 0.693230 0.695055 0.694164 
0.489221 0.694204 0.691047 0.695034 0.694471 0.693777 0.695048 0.693231 0.695055 0.694164 
0.488139 0.694316 0.690456 0.694956 0.694514 0.693777 0.694989 0.693251 0.695064 0.694163 
0.723833 0.907345 0.907456 0.907370 0.907482 0.906823 0.001201 0.906807 0.907269 0.907861 
0.723726 0.907336 0.907412 0.907388 0.907438 0.906775 0.001278 0.906763 0.907266 0.907868 
0.723827 0.907344 0.907454 0.907371 0.907480 0.906820 0.006407 0.906805 0.907268 0.907862 
0.724121 0.907628 0.907560 0.907727 0.907580 0.908020 0.007493 0.906905 0.907518 0.908035 
0.723915 0.907498 0.907561 0.907499 0.907587 0.906925 0.001099 0.906912 0.907001 0.907988 
0.723742 0.907254 0.907558 0.907238 0.907591 0.906941 0.004685 0.906915 0.906529 0.907166 
0.723719 0.907371 0.907348 0.907453 0.907371 0.906703 0.000204 0.906696 0.907586 0.908173 
0.723984 0.907557 0.907615 0.907539 0.907641 0.906980 0.001449 0.906966 0.906905 0.908032 
0.723691 0.907352 0.907320 0.907444 0.907342 0.906674 0.000014 0.906668 0.907658 0.908187 
0.724230 0.907651 0.907774 0.907007 0.907798 0.907170 0.000077 0.907124 0.906747 0.907838 
0.724230 0.907651 0.907774 0.907007 0.907798 0.907170 0.000482 0.907124 0.906747 0.907838 
0.735207 0.914223 0.912935 0.911077 0.912731 0.912085 0.059045 0.912030 0.911748 0.912639 
0.744768 0.016235 0.921965 0.921207 0.921138 0.917751 0.000192 0.921430 0.921847 0.915486 
0.748104 0.009980 0.923202 0.922475 0.922441 0.919084 0.024538 0.922697 0.923166 0.916856 
0.804704 0.953324 0.953252 0.953255 0.953326 0.000000 0.953472 0.953169 0.000000 0.000003 
0.804767 0.953348 0.953277 0.953276 0.953340 0.000000 0.953496 0.953193 0.000000 0.000021 
0.804767 0.953348 0.953277 0.953276 0.953348 0.000000 0.953496 0.953193 0.000000 0.000003 
0.804767 0.953348 0.953277 0.953276 0.953353 0.000000 0.953496 0.953193 0.000000 0.000009 
0.804767 0.953348 0.953277 0.953276 0.953353 0.000000 0.953496 0.953193 0.000000 0.000021 
0.806156 0.953875 0.953999 0.954051 0.953989 0.000000 0.953998 0.953650 0.000000 0.000072 
0.814336 0.956981 0.958251 0.958607 0.957732 0.000000 0.956952 0.956344 0.000000 0.000307 
0.820669 0.959385 0.961543 0.962135 0.960631 0.000000 0.959239 0.958430 0.000001 0.000491 
0.867458 0.978572 0.979103 0.979598 0.983459 0.978703 0.978478 0.978038 0.976519 0.978679 
0.858900 0.975987 0.976494 0.971864 0.981447 0.976029 0.975832 0.975308 0.973571 0.976048 
0.855605 0.975770 0.976275 0.971214 0.981278 0.975804 0.975610 0.973574 0.973324 0.975827 
0.865486 0.977531 0.978277 0.973298 0.982222 0.978124 0.977812 0.973357 0.976574 0.977736 
0.885463 0.984012 0.984573 0.983376 0.987750 0.984331 0.984011 0.983791 0.983052 0.984209 
0.887897 0.984046 0.984565 0.982601 0.985617 0.985219 0.984604 0.984175 0.986075 0.983810 
0.885513 0.986509 0.984097 0.981337 0.985395 0.984328 0.984134 0.983856 0.983536 0.984395 
0.885157 0.983927 0.984551 0.981306 0.982431 0.984230 0.984013 0.983671 0.986408 0.984564 
0.888869 0.984062 0.984564 0.982133 0.985001 0.985488 0.984779 0.984297 0.987393 0.984722 
0.897582 0.986464 0.986631 0.986404 0.987035 0.987744 0.988884 0.989921 0.988571 0.987292 
0.903124 0.987628 0.987807 0.988351 0.986227 0.989314 0.988539 0.992914 0.989137 0.988725 
0.909628 0.988954 0.994876 0.988456 0.991072 0.989539 0.988791 0.989934 0.991211 0.989694 
0.917070 0.998785 0.991523 0.991329 0.991871 0.991512 0.990622 0.991495 0.993779 0.991087 
0.922959 0.992525 0.996237 0.992471 0.994093 0.992685 0.992448 0.993747 0.997527 0.993316 
0.932032 0.995874 0.994063 0.993983 0.996122 0.994216 0.994130 0.994175 0.994232 0.994010 
0.933881 0.995942 0.994234 0.994242 0.996085 0.994509 0.994538 0.994409 0.994970 0.994342 
0.939546 0.995188 0.994208 0.995219 0.997226 0.995520 0.995848 0.995385 0.998800 0.995437 
0.945788 0.996381 0.995337 0.995908 0.995109 0.996397 0.997172 0.995912 0.999727 0.996480 
0.951248 0.997124 0.996332 0.996607 0.996308 0.997398 0.997598 0.996876 0.999518 0.997201 
0.957412 0.997482 0.997403 0.998800 0.997643 0.999243 0.997504 0.997716 0.999072 0.998080 
0.962744 0.998267 0.998291 0.998643 0.999420 0.997636 0.998269 0.998223 0.999906 0.999040 
0.968281 0.999002 0.999266 0.999460 0.999944 0.998141 0.998847 0.998900 0.999963 0.999900 
0.973884 0.999743 0.999979 0.999319 0.999221 0.999213 0.999731 0.999507 0.999391 0.999828 
0.979170 0.999167 0.999877 0.999977 0.999469 0.999973 0.999545 0.999770 0.999987 0.999628 
0.984563 0.999883 0.999627 0.999937 0.999773 0.999950 0.999741 0.999845 0.999861 0.999897 
0.989772 0.999995 0.999883 0.999968 0.999981 0.999890 0.999857 0.999977 0.999999 0.999965 
0.994940 0.999965 0.999982 0.999959 0.999837 0.999819 0.999995 0.999992 0.999999 0.999992 
1.000000 0.999992 1.000000 1.000000 1.000000 0.000127 0.001901 0.000138 0.999617 0.000000 
