0.000022 0.659921 0.405917 0.107991 0.226593 0.151095 0.449118 0.830001 0.188681 0.516531 
0.000929 0.119297 0.187357 0.026285 0.099644 0.083521 0.123665 0.984866 0.730821 0.075414 
0.000956 0.151824 0.202837 0.033758 0.107248 0.089421 0.145892 0.927935 0.696889 0.081988 
0.001343 0.629743 0.430291 0.143567 0.218973 0.176112 0.472460 0.823858 0.198325 0.178575 
0.001679 0.701637 0.432914 0.144818 0.219364 0.177131 0.472498 0.823933 0.198992 0.034120 
0.001692 0.629867 0.433019 0.144868 0.219379 0.177171 0.472500 0.823936 0.199019 0.028374 
0.070128 0.982550 0.972985 0.943549 0.899449 0.985452 0.013438 0.003420 0.106650 0.214809 
0.075180 0.565928 0.998556 0.995067 0.658663 0.686658 0.999414 0.001059 0.645482 0.908851 
0.077194 0.549044 0.963685 0.962246 0.947385 0.694015 0.998738 0.012800 0.647836 0.900369 
0.079860 0.951389 0.879854 0.790711 0.716796 0.919913 0.084421 0.010185 0.411930 0.144673 
0.073993 0.349663 0.987221 0.263295 0.988120 0.017944 0.950336 0.700938 0.238444 0.519512 
0.087082 0.417633 0.830366 0.165055 0.655481 0.426249 0.982516 0.072213 0.855519 0.648014 
0.092094 0.351014 0.762779 0.205329 0.239908 0.290502 0.974292 0.102332 0.795694 0.644680 
0.087557 0.301498 0.909034 0.206528 0.933454 0.241841 0.832041 0.680162 0.360749 0.565873 
0.087557 0.301498 0.909034 0.206528 0.933454 0.241841 0.832041 0.680162 0.360749 0.565873 
0.092094 0.351014 0.762779 0.205329 0.239908 0.290502 0.974292 0.102332 0.795694 0.520081 
0.144926 0.233565 0.967961 0.954895 0.833013 0.994791 0.600743 0.825163 0.861237 0.267606 
0.208131 0.260010 0.028090 0.925695 0.979356 0.361966 0.035429 0.997681 0.238158 0.275487 
0.205233 0.785194 0.154459 0.596528 0.728952 0.889540 0.319269 0.764262 0.310306 0.083055 
0.220720 0.158799 0.273912 0.975935 0.817751 0.467813 0.255773 0.957635 0.504039 0.336774 
0.221382 0.185436 0.344758 0.971430 0.690666 0.213369 0.279876 0.939151 0.639206 0.389657 
0.236439 0.937814 0.951585 0.975688 0.006479 0.012147 0.999583 0.999723 0.993941 0.999601 
0.227062 0.084103 0.399180 0.208409 0.789951 0.808519 0.362237 0.726818 0.859311 0.347937 
0.221435 0.187594 0.350497 0.947900 0.680370 0.479436 0.281829 0.937653 0.628525 0.393941 
0.206171 0.754490 0.164839 0.562571 0.731673 0.884222 0.320248 0.765291 0.331420 0.095852 
0.225560 0.119889 0.379368 0.597408 0.787913 0.774289 0.340485 0.786559 0.767819 0.360335 
0.222067 0.142937 0.300514 0.812942 0.811848 0.540166 0.278382 0.908619 0.562939 0.339144 
0.227094 0.107559 0.412787 0.477456 0.778457 0.810574 0.367330 0.732346 0.851409 0.367802 
0.486400 0.713698 0.667974 0.622354 0.363885 0.709481 0.051023 0.665629 0.841752 0.674219 
0.391744 0.328048 0.664045 0.041731 0.518379 0.012557 0.077334 0.545103 0.691971 0.099817 
0.356260 0.476111 0.320888 0.349097 0.397800 0.594940 0.080082 0.468543 0.141244 0.263486 
0.385725 0.746771 0.141189 0.563379 0.628295 0.920388 0.270176 0.937877 0.490092 0.718215 
0.405425 0.028882 0.292405 0.037616 0.256687 0.471351 0.097777 0.586754 0.745490 0.158305 
0.415549 0.738359 0.115458 0.529456 0.600766 0.962874 0.065034 0.996017 0.383589 0.753482 
0.420077 0.177701 0.728366 0.738332 0.141740 0.225358 0.612218 0.302314 0.145219 0.085037 
0.430755 0.034657 0.146202 0.041528 0.369627 0.427350 0.154741 0.689062 0.517039 0.076531 
0.455556 0.874971 0.005772 0.374176 0.071375 0.690090 0.351236 0.830732 0.672420 0.225439 
0.454282 0.017760 0.946765 0.946952 0.004497 0.027270 0.897432 0.259386 0.147350 0.008150 
0.465036 0.456938 0.495314 0.550287 0.232682 0.578936 0.497059 0.663194 0.888264 0.790200 
0.584179 0.218544 0.295365 0.004861 0.774806 0.226256 0.191282 0.029675 0.114000 0.002663 
0.607725 0.830706 0.952525 0.771471 0.768289 0.012241 0.233220 0.010306 0.009176 0.256447 
0.577177 0.014569 0.214738 0.085543 0.011633 0.187236 0.002139 0.927376 0.133002 0.027674 
0.576842 0.038286 0.209315 0.086939 0.004291 0.182803 0.000341 0.932656 0.133394 0.028108 
0.541348 0.762828 0.439061 0.660745 0.720313 0.986268 0.033517 0.742651 0.739351 0.307949 
0.543623 0.732933 0.442464 0.656075 0.717806 0.962530 0.048313 0.737978 0.712117 0.294889 
0.559651 0.000182 0.996760 0.979439 0.000059 0.012616 0.985780 0.105777 0.035957 0.003591 
0.587952 0.966600 0.001062 0.812695 0.007363 0.608971 0.962823 0.955325 0.186032 0.801583 
0.600604 0.038202 0.646812 0.810749 0.114309 0.629117 0.844238 0.568662 0.333736 0.164132 
0.610219 0.018550 0.797361 0.986800 0.026801 0.866436 0.924016 0.986318 0.989298 0.302243 
0.603541 0.003679 0.935931 0.881604 0.060886 0.695108 0.956707 0.696415 0.398405 0.150085 
0.683803 0.862035 0.164221 0.110068 0.008898 0.166414 0.814797 0.098063 0.301775 0.908230 
0.682160 0.957223 0.036227 0.013510 0.001863 0.171245 0.950321 0.003395 0.221646 0.995981 
0.645124 0.062057 0.778353 0.285931 0.059154 0.316880 0.005606 0.310584 0.060132 0.799376 
0.713451 0.587356 0.087464 0.167889 0.157808 0.234915 0.386347 0.094945 0.870106 0.084982 
0.714391 0.597228 0.195239 0.197785 0.183700 0.227961 0.397168 0.106066 0.023660 0.107101 
0.713626 0.265508 0.945179 0.539228 0.129773 0.029066 0.066694 0.977452 0.791867 0.208453 
0.706802 0.114825 0.803173 0.783151 0.462623 0.964331 0.859045 0.029045 0.002880 0.964795 
0.714391 0.597228 0.121636 0.197785 0.172200 0.227961 0.397168 0.106066 0.366567 0.120022 
0.714391 0.597228 0.121636 0.197785 0.183700 0.227961 0.397168 0.106066 0.366567 0.120022 
0.717136 0.257424 0.919558 0.546210 0.157158 0.049775 0.095698 0.779410 0.770852 0.231925 
0.721269 0.603214 0.057183 0.240163 0.729427 0.249312 0.387046 0.084112 0.361317 0.057302 
0.790442 0.948317 0.958731 0.937537 0.944985 0.005543 0.175834 0.003749 0.000827 0.208392 
0.753000 0.078374 0.918308 0.036185 0.900538 0.018232 0.089169 0.086719 0.024292 0.162727 
0.819665 0.157675 0.070206 0.020793 0.034190 0.002372 0.129870 0.603829 0.013526 0.962839 
0.798346 0.028618 0.229206 0.270339 0.060541 0.240088 0.129247 0.982902 0.006905 0.939217 
0.791824 0.870535 0.939717 0.889726 0.872575 0.044943 0.185038 0.061008 0.006953 0.199746 
0.814776 0.843151 0.064401 0.183957 0.952895 0.166336 0.855467 0.000615 0.731183 0.025940 
0.782290 0.765822 0.760254 0.960776 0.946747 0.017757 0.165238 0.294698 0.053284 0.056898 
0.817118 0.094431 0.239248 0.707388 0.902421 0.714910 0.965351 0.861693 0.078070 0.962715 
0.811219 0.116616 0.783036 0.195808 0.800712 0.141762 0.097660 0.020946 0.010722 0.804799 
0.817848 0.019482 0.099226 0.704527 0.907288 0.720183 0.996249 0.860640 0.069289 0.990174 
0.802201 0.748138 0.790903 0.009909 0.049423 0.051925 0.041409 0.458241 0.270646 0.056377 
0.852879 0.017613 0.972087 0.024351 0.975647 0.000834 0.046930 0.005487 0.005113 0.160980 
0.900494 0.095453 0.015995 0.066213 0.989560 0.311333 0.023813 0.018415 0.993361 0.172275 
0.898610 0.063221 0.015938 0.052793 0.995473 0.320230 0.024381 0.000873 0.998592 0.174754 
0.856054 0.083811 0.969611 0.038308 0.930218 0.006066 0.052906 0.025218 0.010499 0.232794 
0.897382 0.090365 0.078487 0.063477 0.988650 0.401030 0.025324 0.017570 0.928768 0.171537 
0.856621 0.948354 0.016747 0.914902 0.996426 0.966531 0.042697 0.947258 0.011124 0.957994 
0.875449 0.008126 0.738018 0.101836 0.333679 0.234351 0.135188 0.392685 0.057904 0.434217 
0.886586 0.981389 0.989767 0.034872 0.540160 0.015032 0.486342 0.494496 0.746958 0.938152 
0.886663 0.996835 0.992036 0.012063 0.541527 0.004857 0.506404 0.479097 0.783358 0.940693 
0.900786 0.173348 0.506463 0.747545 0.418044 0.921091 0.905011 0.995679 0.248376 0.764013 
0.886663 0.996835 0.992036 0.012063 0.541527 0.017697 0.506404 0.479097 0.783358 0.940693 
0.911779 0.013279 0.044394 0.044640 0.002307 0.039282 0.054725 0.994547 0.103173 0.978667 
0.959478 0.993071 0.004954 0.021265 0.984482 0.502773 0.045108 0.096538 0.963445 0.968650 
0.952999 0.968955 0.043517 0.243224 0.036190 0.094636 0.034746 0.983922 0.882493 0.117910 
0.952205 0.980031 0.017575 0.434519 0.025049 0.067141 0.008219 0.929409 0.893099 0.104222 
0.966908 0.131693 0.020333 0.341989 0.875093 0.743526 0.719651 0.083285 0.997781 0.029028 
0.960435 0.317009 0.560874 0.019068 0.072836 0.076057 0.588868 0.135446 0.055959 0.783919 
0.958977 0.999031 0.657012 0.391974 0.420676 0.995015 0.985622 0.005249 0.648314 0.439472 
0.966881 0.883182 0.945574 0.445094 0.369718 0.978014 0.866830 0.032409 0.625873 0.514299 
0.964357 0.834908 0.187277 0.428134 0.385987 0.945296 0.919687 0.023737 0.633038 0.529309 
0.965965 0.760628 0.938397 0.426018 0.386250 0.940530 0.830705 0.032033 0.598791 0.525491 
0.947980 0.260346 0.286697 0.092456 0.935967 0.599157 0.251716 0.146201 0.998647 0.441150 
0.998829 0.994745 0.999469 0.999883 0.176062 0.999656 0.999993 0.000151 0.959655 0.108037 
0.998632 0.986488 0.998785 0.999752 0.177084 0.998205 0.999551 0.005340 0.951790 0.120240 
0.999062 0.951910 0.994860 0.704739 0.128429 0.999891 0.716431 0.000019 0.153731 0.755975 
0.998764 0.999579 0.971650 0.701456 0.131348 0.998980 0.707258 0.000050 0.165793 0.755005 
0.996253 0.963088 0.008762 0.452495 0.008436 0.023527 0.002348 0.988373 0.887044 0.073710 
0.998188 0.527860 0.718981 0.243332 0.907887 0.705714 0.808995 0.237786 0.877749 0.299985 
