0.000000 0.340371 0.000302 0.359724 0.998351 0.996523 0.067359 0.959547 0.586718 0.999863 
0.000000 0.000798 0.002431 0.000185 0.999871 0.992573 0.342525 0.017215 0.999966 0.999991 
0.000000 0.582007 0.000087 0.615053 0.997423 0.998949 0.031677 0.993794 0.266220 0.999946 
0.000000 0.003748 0.001000 0.000032 0.999967 0.999909 0.873899 0.003325 0.999990 0.999999 
0.000000 0.000785 0.001200 0.000183 0.999867 0.991773 0.342787 0.016985 0.999967 0.981167 
0.000000 0.000798 0.022245 0.000185 0.999871 0.992573 0.342525 0.017215 0.999966 0.999991 
0.062112 0.102884 1.000000 0.096287 1.000000 0.097014 0.101479 0.102137 0.099861 0.997783 
0.065768 0.102884 1.000000 0.096287 1.000000 0.097014 0.101479 0.102137 0.099861 0.997783 
0.065751 0.102884 1.000000 0.096287 1.000000 0.097014 0.101229 0.102137 0.099861 0.997783 
0.063045 0.102884 1.000000 0.085882 1.000000 0.097014 0.101415 0.102137 0.099861 0.998976 
0.063045 0.102884 0.998525 0.085882 1.000000 0.097014 0.101415 0.102137 0.099861 0.998976 
0.062112 0.098357 0.978206 0.097172 1.000000 0.097014 1.000000 0.102137 0.099861 0.999984 
0.062112 0.098183 0.977364 0.097172 1.000000 0.097014 1.000000 0.102438 0.099861 0.999999 
0.063546 0.102884 1.000000 0.080303 1.000000 0.097014 0.101380 0.102137 0.099861 0.999615 
0.062112 0.102884 1.000000 0.097172 1.000000 0.097014 1.000000 0.094351 0.099861 0.997973 
0.062112 0.102475 0.998033 0.097172 1.000000 0.097014 1.000000 0.102137 0.099861 0.999649 
0.062112 0.104520 1.000000 0.097172 1.000000 0.097014 1.000000 0.094548 0.099861 0.997973 
0.208325 0.295784 0.310224 0.999864 0.327436 0.325991 0.333676 0.341924 0.317146 0.318723 
0.218018 0.329514 0.331862 0.999987 0.338774 0.340141 0.341393 0.354526 0.336811 0.310717 
0.221674 0.332590 0.336069 0.378871 0.340244 0.343130 0.344715 0.349817 0.333319 0.996929 
0.226229 0.337154 0.339538 0.980034 0.346323 0.347703 0.348900 0.350474 0.344382 0.307145 
0.221674 0.332590 0.334864 0.378871 0.340244 0.343130 0.344715 0.349817 0.333319 0.996929 
0.215867 0.322233 0.327144 0.999999 0.336317 0.334874 0.339672 0.351930 0.332678 0.297917 
0.218539 0.333390 0.333665 1.000000 0.334060 0.335782 0.341343 0.354207 0.336844 0.999915 
0.217920 0.329431 0.331749 0.999996 0.338734 0.337292 0.341303 0.354652 0.336905 0.292254 
0.219103 0.333246 0.334097 0.999996 0.335173 0.337104 0.341950 0.353417 0.336209 0.998779 
0.223371 0.348079 0.343550 1.000000 0.338237 0.340712 0.345226 0.357968 0.343758 0.999936 
0.226229 0.337154 0.339538 0.980034 0.346323 0.356790 0.348900 0.350474 0.344382 0.307145 
0.479803 0.688512 0.679207 0.721414 0.682792 0.691115 0.692499 0.683775 0.683556 0.685261 
0.479803 0.689126 0.678068 0.021740 0.679900 0.691123 0.691138 0.683756 0.683550 0.685262 
0.479804 0.683795 0.687951 0.010682 0.679877 0.691059 0.702943 0.683924 0.683603 0.685255 
0.479765 0.681462 0.679869 0.680535 0.681269 0.693783 0.000646 0.673713 0.680405 0.685670 
0.479804 0.683795 0.678037 0.010682 0.679877 0.691059 0.702943 0.683924 0.683603 0.685255 
0.479803 0.686051 0.678050 0.015363 0.679886 0.691086 0.697947 0.683853 0.683581 0.675413 
0.479592 0.683806 0.678001 0.010817 0.679879 0.691060 0.713272 0.683922 0.683602 0.685263 
0.479571 0.682784 0.688962 0.005944 0.679625 0.690792 0.710093 0.684704 0.683833 0.678059 
0.479762 0.681490 0.679880 0.668495 0.681242 0.694843 0.000662 0.673897 0.680462 0.685663 
0.479766 0.681456 0.657796 0.683236 0.681275 0.694929 0.000643 0.673672 0.680392 0.685671 
0.479804 0.679233 0.670653 0.001221 0.679857 0.691005 0.713044 0.684069 0.683648 0.685249 
0.491772 0.704800 0.688458 0.702974 0.000005 0.694526 0.697851 0.703175 0.697844 0.670496 
0.491772 0.704800 0.688458 0.691338 0.000005 0.694526 0.697851 0.703175 0.697844 0.671192 
0.491772 0.704800 0.688461 0.691338 0.715974 0.694526 0.697845 0.702096 0.699479 0.625430 
0.489944 0.697646 0.692164 0.684276 0.719350 0.687425 0.701109 0.694965 0.692352 0.629882 
0.489878 0.702066 0.684042 0.693400 0.000223 0.692077 0.695417 0.700861 0.695134 0.002802 
0.491772 0.704800 0.688458 0.691338 0.000000 0.694526 0.697852 0.703360 0.697564 0.001973 
0.491772 0.704800 0.688458 0.691338 0.000004 0.694526 0.697851 0.703212 0.697789 0.005145 
0.491772 0.704800 0.688458 0.691338 0.001161 0.694526 0.697851 0.703212 0.697926 0.011654 
0.491772 0.704800 0.686557 0.691338 0.000002 0.694526 0.697851 0.703276 0.697678 0.000676 
0.491772 0.704800 0.686946 0.691338 0.000001 0.694196 0.697851 0.703263 0.697700 0.001590 
0.617854 0.000037 0.813367 0.836228 0.001330 0.000002 0.000001 0.823211 0.000000 0.000151 
0.725431 0.013911 0.907398 0.904647 0.021749 0.905330 0.000001 0.000002 0.908731 0.004195 
0.725459 0.014749 0.907388 0.904663 0.021228 0.905313 0.000001 0.000002 0.908226 0.004451 
0.722030 0.000048 0.906397 0.903343 0.034554 0.904274 0.000000 0.000002 0.910621 0.002990 
0.722267 0.000950 0.906485 0.903429 0.031879 0.904373 0.000000 0.000002 0.910999 0.002996 
0.725459 0.001370 0.907388 0.904663 0.055923 0.905313 0.000001 0.000002 0.908226 0.004451 
0.725443 0.014266 0.907394 0.902540 0.022473 0.905323 0.000001 0.000002 0.908516 0.004304 
0.725308 0.007778 0.907595 0.904520 0.000000 0.905621 0.000000 0.000000 0.914302 0.000002 
0.725245 0.006574 0.907577 0.904499 0.000013 0.905601 0.000000 0.000000 0.914529 0.000225 
0.725459 0.014749 0.907388 0.904663 0.055923 0.905313 0.000001 0.000002 0.908226 0.004451 
0.725071 0.003262 0.907528 0.904441 0.000049 0.905545 0.000000 0.000000 0.915155 0.000934 
0.727037 0.029471 0.907856 0.905267 0.026104 0.905809 0.000002 0.000003 0.907445 0.004871 
0.805421 0.953657 0.952860 0.953792 0.953125 0.000008 0.954017 0.000001 0.000083 0.000032 
0.805425 0.953659 0.952862 0.953793 0.953127 0.000060 0.954019 0.000000 0.000086 0.000032 
0.805386 0.953649 0.952845 0.953778 0.953111 0.000044 0.954003 0.000005 0.000013 0.000031 
0.805386 0.953649 0.952845 0.953778 0.953111 0.000044 0.954003 0.000005 0.000064 0.000031 
0.805485 0.953686 0.952883 0.953813 0.953136 0.000055 0.954040 0.000005 0.000024 0.000028 
0.805561 0.953711 0.952913 0.953841 0.953159 0.000127 0.954069 0.000004 0.000173 0.000040 
0.805570 0.953694 0.952923 0.953850 0.953187 0.000082 0.954078 0.000008 0.000021 0.000309 
0.805568 0.953697 0.952921 0.953848 0.953182 0.000090 0.954077 0.000007 0.000047 0.000531 
0.806002 0.953880 0.953081 0.953997 0.953269 0.000114 0.954232 0.000001 0.000454 0.000015 
0.819161 0.958209 0.958472 0.958990 0.958611 0.017937 0.959499 0.000865 0.000668 0.002305 
0.822422 0.958167 0.959942 0.960359 0.959780 0.000052 0.960931 0.000218 0.006582 0.005604 
0.875218 0.980694 0.980580 0.980860 0.981317 0.000161 0.981396 0.000003 0.000355 0.000014 
0.869106 0.978961 0.979378 0.977643 0.979080 0.000148 0.978328 0.000008 0.001520 0.000254 
0.868965 0.978961 0.979378 0.977555 0.979080 0.000125 0.978237 0.000017 0.001575 0.000249 
0.877674 0.981265 0.981555 0.981806 0.982195 0.000726 0.982093 0.000256 0.000365 0.000074 
0.872177 0.978957 0.979374 0.979571 0.980299 0.000666 0.980312 0.000153 0.000301 0.000359 
0.872412 0.979060 0.979472 0.979664 0.979174 0.000669 0.980391 0.000157 0.000309 0.000052 
0.877343 0.982050 0.982297 0.981187 0.982007 0.000026 0.982699 0.000197 0.001190 0.000128 
0.883720 0.982432 0.983113 0.985692 0.983645 0.000406 0.983737 0.000001 0.000436 0.000182 
0.888382 0.983834 0.985686 0.987097 0.985488 0.000054 0.985118 0.000019 0.000424 0.000160 
0.895298 0.988667 0.988547 0.988974 0.988274 0.000916 0.987806 0.000586 0.000570 0.000113 
0.902839 0.987115 0.991543 0.991506 0.991192 0.016600 0.989239 0.018662 0.000467 0.055751 
0.933890 0.994724 0.996280 0.995418 0.993798 0.998872 0.994080 0.000899 0.995272 0.018676 
0.933180 0.994469 0.997672 0.994849 0.994481 0.998444 0.994214 0.001400 0.995356 0.030168 
0.932219 0.994124 0.999556 0.994078 0.995406 0.997864 0.994395 0.002078 0.995327 0.000031 
0.934053 0.994400 0.999506 0.994346 0.995594 0.998048 0.994697 0.000629 0.995580 0.000031 
0.935041 0.995136 0.994024 0.996341 0.992690 0.999565 0.993864 0.000086 0.995413 0.000041 
0.939929 0.995330 0.997226 0.994288 0.994903 0.999924 0.995080 0.001648 0.996107 0.000004 
0.946527 0.996016 0.999844 0.996083 0.996932 0.998470 0.996573 0.001524 0.997119 0.000042 
0.952822 0.997557 0.997297 0.997542 0.996373 0.999903 0.997707 0.000505 0.998250 0.000016 
0.957591 0.998207 0.998175 0.997865 0.997948 0.999993 0.998738 0.000617 0.999011 0.000010 
0.962769 0.998878 0.998320 0.999347 0.998861 0.999984 0.999718 0.000412 0.999995 0.000072 
0.968374 0.998932 0.999934 0.999195 0.999119 0.999492 0.999851 0.000605 0.999947 0.000045 
0.974956 0.999359 0.998981 0.999380 0.999329 0.999990 0.999795 0.000235 0.999978 0.000042 
0.979804 0.999701 0.999993 0.999512 0.999762 0.998961 0.999393 0.000592 0.999762 0.000083 
0.984590 0.999997 0.999967 0.999834 0.999588 0.999974 0.999934 0.000098 0.999977 0.000007 
0.990313 0.999967 0.999815 0.999752 0.999917 0.999944 0.999193 0.000005 0.999858 0.000003 
0.995420 0.999965 0.999447 0.999972 0.999933 0.999989 0.999969 0.000208 0.999973 0.000012 
1.000000 0.999783 1.000000 1.000000 1.000000 0.000127 0.017709 0.000138 0.999617 0.000000 
