0.000000 1.000000 0.000000 0.000000 0.000000 1.000000 1.000000 1.000000 1.000000 1.000000 
0.009156 0.014430 0.009048 0.013188 0.014068 0.014551 0.011162 0.013538 0.015350 0.013590 
0.017570 0.029157 0.027780 0.026227 0.021002 0.027917 0.028075 0.027349 0.027765 0.028583 
0.026089 0.039105 0.040933 0.041372 0.040607 0.040786 0.041920 0.040043 0.041368 0.041415 
0.034203 0.054018 0.054505 0.054432 0.053339 0.053511 0.053317 0.053794 0.053891 0.053705 
0.041446 0.064907 0.064218 0.064380 0.066579 0.065169 0.065432 0.065352 0.065270 0.064957 
0.049067 0.078115 0.077771 0.076842 0.078802 0.077095 0.077268 0.077239 0.076825 0.078090 
0.057729 0.091490 0.091171 0.090393 0.092012 0.090593 0.090639 0.090704 0.089820 0.090411 
0.065373 0.103294 0.102997 0.102352 0.103668 0.102505 0.102440 0.102232 0.102335 0.103263 
0.072206 0.113684 0.113440 0.112897 0.113450 0.113036 0.113272 0.113445 0.113256 0.113514 
0.078923 0.124048 0.123810 0.123392 0.123799 0.123605 0.123659 0.123781 0.123455 0.123757 
0.087165 0.136724 0.136539 0.136240 0.136193 0.136431 0.136472 0.136645 0.136331 0.136403 
0.095416 0.149544 0.149365 0.149222 0.149032 0.149300 0.149066 0.149869 0.149213 0.149323 
0.102344 0.160386 0.160214 0.160194 0.160040 0.160101 0.159948 0.160068 0.160118 0.159206 
0.109752 0.171819 0.171648 0.171777 0.171339 0.171658 0.170946 0.171570 0.171507 0.171770 
0.116604 0.182358 0.182166 0.181588 0.182017 0.181806 0.181677 0.181843 0.182251 0.181473 
0.124486 0.194350 0.194155 0.194585 0.193998 0.195293 0.194117 0.193890 0.194414 0.193237 
0.131882 0.205772 0.205122 0.206231 0.206109 0.206050 0.205396 0.205787 0.205957 0.204787 
0.138437 0.215420 0.215369 0.215837 0.216124 0.215912 0.214823 0.215851 0.215551 0.215178 
0.146359 0.227943 0.227289 0.226850 0.227502 0.227934 0.227663 0.227816 0.227877 0.227064 
0.153937 0.239328 0.239263 0.239414 0.239676 0.239463 0.239931 0.238564 0.239506 0.239770 
0.158184 0.245810 0.245876 0.245794 0.245907 0.245888 0.247152 0.245933 0.245970 0.245729 
0.166415 0.258547 0.258169 0.258211 0.258559 0.258288 0.258698 0.258657 0.258315 0.258554 
0.175617 0.272225 0.272432 0.272394 0.272498 0.272309 0.272161 0.272514 0.272902 0.272436 
0.183302 0.283940 0.283842 0.283969 0.283839 0.283976 0.283912 0.284259 0.283655 0.284144 
0.188605 0.291804 0.291844 0.291900 0.291859 0.291916 0.291851 0.292131 0.291572 0.291740 
0.197551 0.306506 0.305350 0.305120 0.305679 0.305264 0.305527 0.305630 0.305258 0.305522 
0.205188 0.316397 0.316871 0.316702 0.316939 0.316746 0.316681 0.316746 0.316328 0.317067 
0.213193 0.328692 0.328689 0.328621 0.328487 0.326766 0.328761 0.328494 0.328452 0.328848 
0.220160 0.338944 0.338990 0.338854 0.339239 0.338933 0.339003 0.338842 0.338866 0.339109 
0.222026 0.341737 0.341728 0.341575 0.342017 0.341731 0.341715 0.341580 0.341593 0.341751 
0.235070 0.360238 0.360886 0.360892 0.360916 0.360931 0.360482 0.361406 0.360104 0.360855 
0.241057 0.370071 0.369651 0.369321 0.369804 0.370087 0.369373 0.369504 0.369503 0.369627 
0.249394 0.381677 0.381884 0.381473 0.382002 0.381497 0.381493 0.381751 0.381657 0.381804 
0.257266 0.393081 0.393375 0.393011 0.393545 0.393254 0.393369 0.393378 0.392955 0.393251 
0.264265 0.403297 0.403425 0.403425 0.403472 0.403264 0.403195 0.403089 0.402890 0.403304 
0.272785 0.415485 0.415581 0.415523 0.415646 0.415419 0.415603 0.415298 0.415063 0.415545 
0.280725 0.426843 0.426806 0.426798 0.426991 0.426746 0.427166 0.426675 0.426407 0.426952 
0.284654 0.432591 0.431871 0.433051 0.432407 0.432376 0.432465 0.432370 0.432669 0.432388 
0.293949 0.445795 0.445908 0.445717 0.445575 0.445552 0.445411 0.445532 0.445248 0.446298 
0.303560 0.459244 0.459255 0.458965 0.459191 0.459048 0.458922 0.459070 0.458848 0.459007 
0.312485 0.471268 0.471260 0.471470 0.471248 0.471375 0.471202 0.471496 0.471391 0.471278 
0.319821 0.481479 0.481374 0.481548 0.481110 0.481474 0.481263 0.481551 0.481498 0.481418 
0.327474 0.493100 0.491965 0.492219 0.492078 0.492000 0.491993 0.492031 0.492003 0.492581 
0.338779 0.507289 0.507572 0.507496 0.507309 0.506849 0.507421 0.507428 0.507525 0.507430 
0.344010 0.514192 0.514458 0.514434 0.514323 0.514754 0.514790 0.514357 0.514448 0.514306 
0.351306 0.524274 0.524356 0.524596 0.524024 0.524392 0.524189 0.524324 0.524248 0.524174 
0.354349 0.528446 0.528200 0.528785 0.528182 0.528597 0.528375 0.528205 0.528312 0.528333 
0.370563 0.549932 0.549745 0.549878 0.549846 0.549716 0.550431 0.549680 0.549932 0.549830 
0.370563 0.549932 0.549745 0.549878 0.549846 0.549716 0.550543 0.549680 0.549932 0.549830 
0.388596 0.573062 0.573283 0.573360 0.573145 0.573384 0.573595 0.573042 0.573138 0.572600 
0.394920 0.581118 0.581291 0.581331 0.581231 0.581255 0.581561 0.581211 0.581138 0.581026 
0.398506 0.585748 0.585914 0.585937 0.585827 0.585928 0.586170 0.585830 0.585770 0.585366 
0.414166 0.605531 0.605796 0.605397 0.605672 0.605563 0.605510 0.605446 0.605120 0.605666 
0.421848 0.615087 0.615275 0.615117 0.615232 0.615078 0.615381 0.615139 0.615530 0.615184 
0.433827 0.629880 0.629909 0.629878 0.629969 0.629808 0.629542 0.630246 0.629619 0.629883 
0.440678 0.638374 0.638242 0.638110 0.638321 0.638257 0.637911 0.638530 0.638102 0.638332 
0.444821 0.643522 0.643492 0.643227 0.643080 0.643377 0.642982 0.643230 0.643252 0.643469 
0.457398 0.658161 0.658225 0.657975 0.658064 0.658233 0.657420 0.658340 0.658200 0.658359 
0.466352 0.668758 0.668888 0.668613 0.668563 0.668688 0.667867 0.668949 0.668594 0.668792 
0.470696 0.673859 0.673703 0.673744 0.673714 0.673804 0.672896 0.673969 0.673716 0.673910 
0.492850 0.698626 0.699092 0.700315 0.698989 0.699150 0.698575 0.699122 0.699477 0.699186 
0.496564 0.702767 0.703297 0.704321 0.703080 0.703257 0.703808 0.703557 0.703551 0.703280 
0.506619 0.713309 0.715017 0.714830 0.714123 0.714160 0.714320 0.714472 0.714385 0.714652 
0.518455 0.726690 0.727650 0.727840 0.727037 0.727034 0.727109 0.727295 0.727323 0.727306 
0.528334 0.737859 0.738194 0.738350 0.737815 0.737780 0.737784 0.737997 0.738122 0.737769 
0.539403 0.749145 0.749723 0.749763 0.749479 0.749547 0.749523 0.749583 0.749758 0.749465 
0.547782 0.756852 0.758140 0.758279 0.758503 0.758081 0.758165 0.758180 0.758163 0.758123 
0.558582 0.767710 0.768890 0.769109 0.769091 0.769089 0.769811 0.769131 0.769082 0.769167 
0.568610 0.778187 0.778982 0.779337 0.779103 0.779078 0.779060 0.779027 0.779336 0.779186 
0.577420 0.787227 0.787578 0.787676 0.787581 0.787523 0.787325 0.788332 0.787889 0.787649 
0.584703 0.794627 0.794869 0.794947 0.794878 0.794819 0.794493 0.794647 0.795235 0.794964 
0.599502 0.808465 0.808493 0.807551 0.808429 0.808343 0.808094 0.808045 0.808903 0.808630 
0.667919 0.867248 0.867026 0.866988 0.867013 0.867038 0.866972 0.866996 0.866992 0.867004 
0.667970 0.866986 0.867062 0.867029 0.867049 0.867060 0.867108 0.867224 0.867030 0.867043 
0.667933 0.867176 0.867036 0.866999 0.867023 0.867044 0.867009 0.867059 0.867120 0.867014 
0.667918 0.867253 0.867025 0.866978 0.867012 0.867035 0.866968 0.866992 0.866981 0.867003 
0.667948 0.867102 0.867046 0.867007 0.867033 0.867150 0.867047 0.867123 0.867009 0.867025 
0.667917 0.867259 0.867024 0.866987 0.867011 0.867032 0.866963 0.866987 0.866969 0.867002 
0.686715 0.881347 0.881286 0.881308 0.881474 0.881424 0.881711 0.880656 0.881654 0.881535 
0.697777 0.889214 0.889432 0.889491 0.889386 0.888604 0.890106 0.888493 0.889394 0.889839 
0.709216 0.897262 0.897543 0.897904 0.898291 0.897356 0.898131 0.895183 0.896956 0.897413 
0.721754 0.905619 0.905611 0.905766 0.906147 0.905571 0.905906 0.903676 0.905274 0.905355 
0.738728 0.917738 0.916983 0.916723 0.917067 0.917298 0.916692 0.916932 0.917264 0.916487 
0.748115 0.923189 0.922574 0.922298 0.922664 0.922843 0.922253 0.922496 0.922762 0.922053 
0.766307 0.931228 0.934229 0.932721 0.933301 0.934070 0.933258 0.934010 0.933421 0.933387 
0.787869 0.944490 0.945149 0.943898 0.944840 0.945265 0.944968 0.944983 0.944454 0.944782 
0.793390 0.946838 0.947727 0.947163 0.948275 0.948354 0.947565 0.948480 0.947724 0.948496 
0.809105 0.955943 0.955730 0.954549 0.955498 0.955961 0.955044 0.955276 0.955275 0.954413 
0.824987 0.962698 0.963107 0.961489 0.962519 0.962803 0.962372 0.961984 0.962744 0.961950 
0.840003 0.968613 0.969178 0.968499 0.969179 0.969403 0.968470 0.968553 0.968330 0.967935 
0.862407 0.976511 0.977261 0.976827 0.977405 0.977080 0.976652 0.976919 0.976541 0.976497 
0.874072 0.980307 0.980597 0.980599 0.980637 0.980915 0.980403 0.980604 0.980273 0.980184 
0.888648 0.984211 0.984720 0.984673 0.984584 0.984672 0.984188 0.984002 0.984822 0.984920 
0.908921 0.989354 0.989761 0.989666 0.989705 0.990010 0.989447 0.989656 0.989313 0.989216 
0.923701 0.993044 0.992530 0.992896 0.992190 0.993265 0.992985 0.992843 0.992573 0.993228 
0.942325 0.995872 0.995909 0.995836 0.995285 0.994432 0.995923 0.995190 0.995455 0.995523 
0.961318 0.998657 0.998221 0.997722 0.998246 0.998147 0.998026 0.998463 0.997919 0.998176 
0.980109 0.999503 0.999473 0.999726 0.999857 0.999661 0.999658 0.999536 0.999502 0.999380 
1.000000 1.000000 1.000000 0.000000 0.000000 1.000000 1.000000 1.000000 1.000000 1.000000 
