0.000000 0.340371 0.000302 0.359724 0.998351 0.996523 0.067359 0.959547 0.586718 0.999863 
0.000000 0.000798 0.002431 0.000185 0.999871 0.992573 0.342525 0.017215 0.999966 0.999991 
0.000000 0.582007 0.000087 0.615053 0.997423 0.998949 0.031677 0.993794 0.266220 0.999946 
0.000000 0.003748 0.001000 0.000032 0.999967 0.999909 0.873899 0.003325 0.999990 0.999999 
0.000000 0.000785 0.001200 0.000183 0.999867 0.991773 0.342787 0.016985 0.999967 0.981167 
0.000000 0.000798 0.022245 0.000185 0.999871 0.992573 0.342525 0.017215 0.999966 0.999991 
0.062125 0.097326 0.097507 0.097766 0.097900 0.097818 0.097812 0.097336 0.097614 0.096885 
0.062113 0.097617 0.097493 0.097752 0.097388 0.097233 0.097203 0.097321 0.097570 0.099244 
0.064331 0.100747 0.097721 0.100882 0.100511 0.100370 0.100333 0.100455 0.100701 0.102368 
0.062124 0.097336 0.097507 0.097766 0.102303 0.097798 0.097791 0.097335 0.097612 0.096967 
0.064051 0.100515 0.097953 0.100299 0.097625 0.099974 0.100110 0.100059 0.100306 0.100991 
0.064320 0.100732 0.097720 0.100867 0.100496 0.100355 0.100263 0.102337 0.100686 0.102353 
0.064213 0.100651 0.097822 0.107690 0.100227 0.100203 0.100241 0.100288 0.100511 0.101787 
0.062113 0.096473 0.097493 0.097752 0.094258 0.097199 0.099429 0.097321 0.097570 0.090351 
0.062323 0.099110 0.099431 0.099850 0.095673 0.097530 0.098765 0.097618 0.097460 0.092484 
0.166094 0.256794 0.256543 0.258181 0.258550 0.256688 0.256185 0.256759 0.256059 0.255873 
0.176191 0.272177 0.271987 0.273758 0.274503 0.272174 0.271406 0.272240 0.271448 0.271945 
0.200070 0.310237 0.312020 0.309670 0.310076 0.307872 0.310008 0.306730 0.310945 0.310009 
0.212123 0.326734 0.327393 0.328094 0.327426 0.326394 0.326762 0.327233 0.326995 0.327151 
0.216344 0.333273 0.333403 0.333216 0.332884 0.332703 0.333111 0.333449 0.332686 0.333107 
0.214347 0.330011 0.330326 0.329884 0.330869 0.330023 0.329986 0.330496 0.330117 0.330134 
0.216307 0.331997 0.333286 0.333290 0.332939 0.332726 0.333022 0.333392 0.332728 0.333169 
0.216030 0.332491 0.332545 0.332488 0.333474 0.332768 0.332424 0.332965 0.332478 0.332391 
0.216314 0.331984 0.333305 0.333169 0.332925 0.332725 0.333037 0.333403 0.332735 0.333190 
0.214208 0.329880 0.330113 0.331046 0.330733 0.329836 0.329768 0.330291 0.329938 0.329927 
0.213355 0.328056 0.328410 0.329490 0.328966 0.328339 0.328770 0.328726 0.328736 0.328889 
0.213783 0.328515 0.330023 0.329975 0.329501 0.329015 0.329467 0.329245 0.329341 0.329493 
0.216336 0.331913 0.333376 0.333233 0.333113 0.332708 0.333090 0.333436 0.332765 0.333121 
0.369727 0.547846 0.543182 0.548586 0.537892 0.541305 0.545463 0.548303 0.545029 0.547618 
0.371133 0.550106 0.545134 0.550623 0.539875 0.549902 0.547662 0.549739 0.561987 0.549960 
0.375876 0.556689 0.551627 0.557227 0.547705 0.549864 0.554185 0.556761 0.565092 0.557228 
0.392556 0.579838 0.574460 0.580451 0.575241 0.572346 0.577126 0.581453 0.576013 0.582789 
0.396932 0.586860 0.580532 0.586787 0.581423 0.579077 0.583959 0.585945 0.584376 0.590069 
0.417227 0.610871 0.606795 0.604838 0.610756 0.609393 0.608635 0.603889 0.609083 0.609792 
0.427603 0.622955 0.620373 0.621000 0.620562 0.624744 0.621013 0.617810 0.623830 0.625248 
0.439487 0.636814 0.635222 0.635913 0.636039 0.638666 0.635156 0.633894 0.637467 0.638711 
0.455479 0.655464 0.657392 0.655979 0.656866 0.657399 0.654186 0.655536 0.655818 0.656826 
0.467606 0.670116 0.670609 0.670139 0.668540 0.670813 0.669548 0.670345 0.670111 0.670593 
0.478464 0.682350 0.682366 0.682743 0.682442 0.683016 0.682717 0.683371 0.682205 0.683628 
0.488449 0.694108 0.693726 0.694443 0.694278 0.693974 0.694414 0.694097 0.694125 0.694162 
0.488450 0.694107 0.693518 0.694431 0.694277 0.693890 0.694290 0.693906 0.694292 0.694162 
0.488449 0.694107 0.693517 0.694436 0.694277 0.694003 0.694365 0.694626 0.694054 0.694162 
0.488446 0.694104 0.693645 0.694111 0.694275 0.693876 0.694965 0.694376 0.694444 0.694167 
0.488449 0.694107 0.693517 0.694436 0.694277 0.694003 0.694981 0.694626 0.694054 0.694162 
0.488444 0.694116 0.693222 0.694395 0.694284 0.693725 0.694664 0.694021 0.694409 0.694159 
0.488445 0.694114 0.695104 0.694495 0.694185 0.693783 0.694735 0.694138 0.694589 0.694159 
0.488451 0.694107 0.693521 0.694422 0.694277 0.693643 0.694126 0.694697 0.694814 0.694161 
0.488445 0.694114 0.695104 0.694495 0.694283 0.693783 0.694735 0.694138 0.694589 0.694159 
0.611190 0.821839 0.831016 0.821615 0.820563 0.829790 0.820055 0.819214 0.818742 0.818202 
0.611190 0.822811 0.831016 0.821615 0.820563 0.829790 0.820055 0.819214 0.818742 0.818202 
0.642297 0.845441 0.848438 0.845920 0.846680 0.847120 0.846546 0.845576 0.846001 0.846468 
0.640257 0.843958 0.847295 0.844326 0.844968 0.845561 0.844809 0.843848 0.844213 0.843167 
0.649909 0.850979 0.852701 0.851868 0.853071 0.852938 0.853029 0.852028 0.852671 0.851457 
0.654312 0.854523 0.856127 0.855353 0.856483 0.856867 0.855833 0.855503 0.856879 0.855001 
0.665569 0.862854 0.864466 0.864758 0.867073 0.865516 0.867229 0.866142 0.867971 0.865771 
0.665569 0.862854 0.864466 0.864758 0.867073 0.865516 0.860580 0.866142 0.863929 0.865771 
0.682050 0.875185 0.875816 0.878099 0.873504 0.878544 0.881876 0.880706 0.883530 0.879440 
0.721498 0.905582 0.905677 0.905667 0.905811 0.905951 0.000542 0.905762 0.905670 0.906173 
0.722772 0.906555 0.906615 0.906599 0.906693 0.906873 0.000259 0.906664 0.906528 0.907093 
0.722785 0.906565 0.906625 0.906609 0.906702 0.906881 0.000365 0.906674 0.906537 0.907103 
0.726945 0.909618 0.909500 0.909082 0.909615 0.909138 0.000004 0.909659 0.909350 0.910439 
0.757635 0.927855 0.927122 0.926872 0.927135 0.927035 0.927469 0.927347 0.928055 0.927115 
0.745086 0.921218 0.920738 0.920400 0.920798 0.920529 0.000002 0.921058 0.920518 0.922104 
0.799022 0.950826 0.948067 0.948095 0.951782 0.950462 0.950303 0.950447 0.950413 0.950676 
0.799021 0.950826 0.948067 0.948076 0.951782 0.950462 0.950303 0.950447 0.950413 0.950681 
0.798956 0.951068 0.948067 0.948095 0.951887 0.950659 0.950304 0.950441 0.950413 0.950676 
0.798218 0.950828 0.948068 0.948096 0.950660 0.948344 0.950300 0.950508 0.950415 0.950678 
0.799685 0.950825 0.948225 0.948095 0.950658 0.951057 0.950304 0.950430 0.950412 0.950402 
0.799670 0.950825 0.948066 0.948094 0.950656 0.952170 0.950306 0.950398 0.950411 0.950675 
0.804705 0.953993 0.951853 0.950898 0.954339 0.951720 0.953486 0.950317 0.953418 0.953777 
0.812385 0.958642 0.956659 0.956051 0.960006 0.957721 0.954061 0.957590 0.957012 0.959360 
0.822421 0.965901 0.965890 0.961962 0.966226 0.964018 0.964574 0.963286 0.964829 0.961120 
0.834882 0.967262 0.966366 0.964011 0.965929 0.969197 0.966205 0.965678 0.965633 0.967091 
0.840684 0.969227 0.968413 0.966449 0.967905 0.970943 0.968315 0.967825 0.967966 0.969097 
0.849140 0.972917 0.973246 0.970685 0.971775 0.974344 0.972231 0.971820 0.972052 0.972878 
0.854106 0.974883 0.975563 0.973679 0.973863 0.974770 0.972778 0.973483 0.974117 0.974155 
0.865915 0.977062 0.978610 0.977712 0.976994 0.977882 0.977347 0.977067 0.978452 0.977885 
0.866998 0.977330 0.978956 0.978166 0.977331 0.978110 0.978175 0.977406 0.978865 0.978208 
0.874379 0.980637 0.980301 0.980607 0.979381 0.981086 0.980574 0.980290 0.981079 0.980749 
0.884066 0.983585 0.984151 0.982895 0.980825 0.983907 0.983497 0.983319 0.982498 0.983749 
0.888465 0.984681 0.985217 0.984066 0.982666 0.984980 0.984693 0.984479 0.983935 0.984916 
0.895387 0.986134 0.986470 0.986195 0.985301 0.987169 0.986849 0.986376 0.986540 0.986841 
0.902280 0.987580 0.987718 0.988315 0.987925 0.989164 0.988467 0.988264 0.989133 0.988758 
0.909213 0.991215 0.989031 0.990244 0.989039 0.988980 0.990347 0.990407 0.991279 0.989229 
0.917225 0.992008 0.991758 0.991530 0.990700 0.992016 0.991552 0.991601 0.992480 0.990218 
0.921242 0.992600 0.992324 0.992262 0.991451 0.992863 0.992161 0.992223 0.993118 0.991061 
0.927628 0.994193 0.993419 0.992842 0.993221 0.993272 0.993692 0.993374 0.994250 0.993228 
0.933516 0.995873 0.994157 0.994317 0.993231 0.994427 0.994477 0.994349 0.994916 0.994267 
0.939546 0.995188 0.994208 0.995219 0.997226 0.995520 0.995848 0.995385 0.994726 0.995437 
0.945604 0.995629 0.997868 0.996115 0.996012 0.996462 0.995760 0.995767 0.996674 0.995880 
0.951395 0.997041 0.996575 0.997762 0.997091 0.999222 0.996736 0.996896 0.997908 0.997112 
0.957188 0.997511 0.997490 0.997800 0.997547 0.996972 0.997463 0.997429 0.999033 0.997981 
0.963010 0.998307 0.998327 0.998697 0.998534 0.997637 0.998322 0.998272 0.998796 0.999102 
0.968572 0.998656 0.998644 0.998953 0.998826 0.999344 0.998636 0.998621 0.999991 0.999660 
0.973795 0.999011 0.999035 0.999343 0.999131 0.999978 0.999056 0.999189 0.999864 0.999596 
0.979269 0.999382 0.999444 0.999751 0.999450 0.999934 0.999497 0.999784 0.999731 0.999529 
0.984522 0.999882 0.999625 0.999937 0.999873 0.999951 0.999740 0.999844 0.999860 0.999896 
0.989762 0.999995 0.999882 0.999968 0.999982 0.999891 0.999857 0.999977 1.000000 0.999986 
0.994916 0.999964 0.999982 0.999982 0.999994 0.999964 0.999994 0.999992 1.000000 0.999991 
1.000000 0.999992 1.000000 1.000000 1.000000 0.000127 0.000343 0.000062 0.999998 0.000000 
