0.000000 0.340371 0.000302 0.359724 0.998351 0.996523 0.067359 0.959547 0.586718 0.999863 
0.000000 0.000798 0.002431 0.000185 0.999871 0.992573 0.342525 0.017215 0.999966 0.999991 
0.000000 0.582007 0.000087 0.615053 0.997423 0.998949 0.031677 0.993794 0.266220 0.999946 
0.000000 0.003748 0.001000 0.000032 0.999967 0.999909 0.873899 0.003325 0.999990 0.999999 
0.000000 0.000785 0.001200 0.000183 0.999867 0.991773 0.342787 0.016985 0.999967 0.981167 
0.000000 0.000798 0.022245 0.000185 0.999871 0.992573 0.342525 0.017215 0.999966 0.999991 
0.063867 0.100024 0.100207 0.100452 0.099981 0.099846 0.100493 0.100031 0.100203 0.099636 
0.074818 0.117423 0.117295 0.117198 0.117191 0.117257 0.117229 0.117161 0.117071 0.117478 
0.086397 0.135112 0.135184 0.135298 0.135266 0.135268 0.135041 0.135368 0.135520 0.135470 
0.097108 0.151585 0.151920 0.152045 0.151995 0.151959 0.151896 0.152284 0.152028 0.151848 
0.108352 0.169807 0.169199 0.169470 0.169443 0.169202 0.169334 0.169311 0.169802 0.169126 
0.121347 0.188918 0.189159 0.189455 0.189510 0.189340 0.189278 0.189567 0.189619 0.189778 
0.133994 0.208494 0.208658 0.208616 0.209308 0.208952 0.208678 0.208711 0.209129 0.208985 
0.147770 0.230336 0.229822 0.229971 0.230314 0.230122 0.229860 0.229968 0.229941 0.229709 
0.160491 0.249250 0.249343 0.249500 0.249143 0.249705 0.249357 0.249497 0.249446 0.249480 
0.171961 0.266895 0.266818 0.267033 0.266793 0.267276 0.267031 0.267013 0.266589 0.266817 
0.179573 0.278109 0.278515 0.278607 0.278921 0.278544 0.278122 0.278266 0.278103 0.278364 
0.199004 0.307814 0.307962 0.308215 0.307617 0.307402 0.307267 0.306626 0.307946 0.308003 
0.212156 0.326979 0.327119 0.327097 0.327072 0.326716 0.327300 0.327179 0.327245 0.326985 
0.219832 0.338199 0.338521 0.338435 0.338719 0.338593 0.338647 0.338515 0.338500 0.338256 
0.236877 0.363337 0.363346 0.363631 0.363491 0.363624 0.363921 0.363650 0.363566 0.362742 
0.251774 0.384895 0.385083 0.385216 0.385208 0.385352 0.385361 0.385380 0.385472 0.384567 
0.265300 0.404556 0.404427 0.404794 0.405068 0.404935 0.404810 0.404650 0.405068 0.404650 
0.278116 0.423032 0.422945 0.423176 0.422994 0.423116 0.423264 0.423156 0.423159 0.422848 
0.292474 0.443411 0.443428 0.443503 0.443557 0.443340 0.443662 0.443751 0.443259 0.443340 
0.304069 0.459706 0.459806 0.459657 0.459695 0.459822 0.460139 0.459685 0.459683 0.459903 
0.310357 0.468290 0.468620 0.468486 0.468282 0.468386 0.468422 0.468301 0.468227 0.468495 
0.310874 0.469034 0.469366 0.468966 0.469126 0.469131 0.469306 0.469044 0.468970 0.469240 
0.346849 0.518462 0.517072 0.518282 0.518031 0.517967 0.519108 0.518202 0.518264 0.518550 
0.360058 0.535870 0.536862 0.536004 0.535892 0.535761 0.535940 0.536017 0.535764 0.535805 
0.373410 0.553850 0.553416 0.553325 0.553288 0.553466 0.553600 0.553185 0.553067 0.553609 
0.387501 0.571686 0.571704 0.571909 0.572148 0.571813 0.572266 0.571528 0.571754 0.572185 
0.400873 0.589086 0.588872 0.588570 0.588778 0.588942 0.589039 0.588874 0.588371 0.588387 
0.414260 0.605772 0.605329 0.604473 0.605759 0.605762 0.606182 0.605652 0.605710 0.605664 
0.427401 0.621940 0.622032 0.621859 0.621718 0.622040 0.621740 0.622002 0.622458 0.621501 
0.440747 0.638466 0.638199 0.638288 0.638283 0.638688 0.638392 0.638668 0.638114 0.638156 
0.453970 0.654221 0.654161 0.654004 0.654600 0.654623 0.654180 0.654914 0.654174 0.653970 
0.466814 0.669211 0.669429 0.669175 0.669625 0.669292 0.668504 0.669336 0.669597 0.669039 
0.479620 0.683868 0.683741 0.684086 0.684147 0.684408 0.684109 0.683792 0.684210 0.684125 
0.491929 0.698093 0.697904 0.698565 0.698148 0.698634 0.698059 0.697904 0.698199 0.698126 
0.504797 0.712573 0.712241 0.712555 0.712445 0.712307 0.712307 0.712382 0.712497 0.712420 
0.517241 0.726672 0.726030 0.725943 0.725933 0.726091 0.725919 0.725918 0.725914 0.725906 
0.529890 0.739613 0.739516 0.739207 0.739454 0.739527 0.739274 0.739206 0.739875 0.739366 
0.541495 0.752200 0.751853 0.750746 0.751472 0.751820 0.751674 0.751908 0.751551 0.751648 
0.554071 0.764890 0.764290 0.764725 0.764811 0.764406 0.764177 0.764441 0.764525 0.764594 
0.566112 0.776984 0.776390 0.776517 0.776486 0.776799 0.776631 0.776218 0.776537 0.776835 
0.578149 0.788573 0.788878 0.788411 0.787915 0.787858 0.788518 0.788763 0.788278 0.788337 
0.589148 0.798997 0.799718 0.799115 0.798673 0.798827 0.798898 0.798971 0.799335 0.798918 
0.600842 0.810072 0.809087 0.810020 0.809425 0.810396 0.809636 0.809696 0.809949 0.809534 
0.613117 0.820651 0.821828 0.820796 0.820923 0.820948 0.820446 0.820989 0.820649 0.820947 
0.624328 0.830478 0.830652 0.830285 0.831280 0.830989 0.831539 0.830899 0.830232 0.830678 
0.635187 0.840388 0.840041 0.840406 0.840508 0.840229 0.840015 0.840236 0.840174 0.840242 
0.645180 0.848644 0.848613 0.848726 0.848356 0.848498 0.848315 0.848572 0.848680 0.848539 
0.656507 0.858151 0.857608 0.857984 0.857799 0.857747 0.858079 0.857835 0.858049 0.857948 
0.666530 0.865947 0.865774 0.865418 0.866230 0.865665 0.865974 0.865916 0.866264 0.865785 
0.678041 0.875409 0.874854 0.875166 0.875351 0.874779 0.874733 0.874819 0.874847 0.874443 
0.687887 0.882010 0.882261 0.881698 0.882213 0.882185 0.882232 0.882419 0.882480 0.881748 
0.697395 0.889209 0.889408 0.888982 0.889275 0.889325 0.888801 0.888911 0.889154 0.888840 
0.710197 0.898001 0.897915 0.898055 0.898102 0.898085 0.898082 0.898487 0.898274 0.898149 
0.716565 0.902657 0.902486 0.902787 0.902191 0.902713 0.902947 0.902444 0.902625 0.902197 
0.727336 0.909692 0.909992 0.909715 0.908988 0.909234 0.909645 0.909522 0.910052 0.908929 
0.736390 0.915411 0.915421 0.916292 0.915561 0.915424 0.915982 0.915688 0.915235 0.915258 
0.745649 0.921262 0.921254 0.921242 0.921357 0.921254 0.921231 0.921789 0.921307 0.921366 
0.754489 0.926499 0.926692 0.926713 0.926521 0.926824 0.926030 0.926775 0.926388 0.926444 
0.763254 0.931539 0.931571 0.931619 0.931409 0.931408 0.931433 0.931641 0.931716 0.931725 
0.772017 0.936534 0.935884 0.936308 0.936422 0.936388 0.936121 0.936580 0.936524 0.937098 
0.781029 0.941563 0.941211 0.941239 0.941532 0.941304 0.941361 0.941504 0.941398 0.941869 
0.789464 0.945989 0.945584 0.945817 0.945915 0.945824 0.945679 0.945860 0.945866 0.946196 
0.798533 0.950295 0.950456 0.950634 0.950479 0.950435 0.950318 0.950435 0.950450 0.950296 
0.806015 0.954023 0.953490 0.953998 0.954298 0.954109 0.953895 0.953666 0.953775 0.953705 
0.814157 0.958072 0.957453 0.958173 0.957987 0.957555 0.957730 0.958039 0.957835 0.957648 
0.822045 0.961307 0.961494 0.961295 0.961211 0.960390 0.960970 0.960726 0.961095 0.961233 
0.829823 0.964403 0.964456 0.964403 0.964688 0.964556 0.964250 0.963861 0.964091 0.964874 
0.837709 0.967606 0.967667 0.967556 0.967821 0.967624 0.967372 0.968114 0.967353 0.968025 
0.845615 0.970604 0.970919 0.970934 0.970757 0.971058 0.970654 0.970578 0.970688 0.970856 
0.852854 0.973581 0.973800 0.973532 0.973238 0.973557 0.973381 0.972877 0.973339 0.973214 
0.860576 0.976181 0.976039 0.975807 0.976220 0.976153 0.975785 0.975819 0.976143 0.975795 
0.867941 0.978816 0.978285 0.978753 0.979127 0.978404 0.978512 0.978618 0.978548 0.978612 
0.874413 0.980581 0.980316 0.980613 0.980562 0.981088 0.980656 0.980300 0.980311 0.980760 
0.881442 0.982732 0.982954 0.982776 0.982614 0.982598 0.983149 0.982590 0.982889 0.982941 
0.888327 0.984537 0.984815 0.984693 0.984739 0.984528 0.984663 0.984267 0.984888 0.984344 
0.895455 0.986279 0.986531 0.986452 0.986069 0.986814 0.986579 0.986452 0.986607 0.986914 
0.901715 0.987431 0.988268 0.988178 0.988509 0.988054 0.988307 0.988099 0.988301 0.987868 
0.908891 0.989709 0.989534 0.989764 0.989678 0.990035 0.990382 0.990139 0.990323 0.989890 
0.915562 0.991315 0.991121 0.991234 0.990666 0.991263 0.991467 0.991134 0.990762 0.991242 
0.921129 0.992330 0.991826 0.992337 0.991880 0.992064 0.992580 0.992315 0.992115 0.992168 
0.927303 0.994161 0.993333 0.993388 0.993455 0.993206 0.993648 0.993510 0.993103 0.993168 
0.933673 0.994553 0.993858 0.994333 0.994379 0.994573 0.994615 0.994247 0.994642 0.994388 
0.939656 0.995448 0.994993 0.995349 0.995434 0.995775 0.995671 0.995284 0.995677 0.995513 
0.945589 0.996114 0.996021 0.996520 0.995874 0.996542 0.996071 0.995983 0.996560 0.996365 
0.951495 0.997388 0.997160 0.997415 0.997219 0.996951 0.997224 0.997112 0.997109 0.997269 
0.957118 0.997838 0.997741 0.998193 0.997732 0.997558 0.997711 0.997675 0.997772 0.997683 
0.962812 0.998294 0.998320 0.998021 0.998528 0.998804 0.998313 0.998261 0.998252 0.998288 
0.968352 0.998646 0.998796 0.998944 0.998815 0.999334 0.998891 0.998898 0.999268 0.999916 
0.973825 0.999128 0.999037 0.999345 0.999133 0.999205 0.999059 0.999191 0.999679 0.999597 
0.979196 0.999376 0.999440 0.999747 0.999445 0.999319 0.999424 0.999418 0.999708 0.999527 
0.984500 0.999941 0.999624 0.999936 0.999873 0.999951 0.999739 0.999844 0.999860 0.999896 
0.989750 0.999889 0.999882 0.999968 0.999994 0.999891 0.999857 0.999977 0.999989 0.999986 
0.994913 0.999964 0.999981 0.999998 0.999994 0.999964 0.999999 0.999992 1.000000 0.999991 
1.000000 0.999992 1.000000 1.000000 1.000000 0.000127 0.000044 0.999993 0.999998 0.000000 
