1.000000 1.000000 1.000000 1.000000 1.000000 1.000000 1.000000 1.000000 1.000000 1.000000 
1.000000 1.000000 1.000000 1.000000 1.000000 1.000000 1.000000 1.000000 1.000000 1.000000 
1.000000 1.000000 1.000000 1.000000 1.000000 1.000000 1.000000 1.000000 1.000000 1.000000 
1.000000 1.000000 1.000000 1.000000 1.000000 1.000000 1.000000 1.000000 1.000000 1.000000 
1.000000 1.000000 1.000000 1.000000 1.000000 1.000000 1.000000 1.000000 1.000000 1.000000 
1.000000 1.000000 1.000000 1.000000 1.000000 1.000000 1.000000 1.000000 1.000000 1.000000 
0.959183 0.997984 0.997940 0.998132 0.997919 0.997991 0.000000 0.998106 0.997900 0.998036 
0.959175 0.997988 0.997937 0.998134 0.997919 0.997992 0.000001 0.998102 0.997900 0.998035 
0.959170 0.997984 0.997914 0.998132 0.997919 0.997984 0.000002 0.998107 0.997899 0.998036 
0.959170 0.997984 0.997914 0.998132 0.997919 0.997984 0.000005 0.998107 0.997899 0.998036 
0.959315 0.997926 0.997995 0.998107 0.997925 0.997980 0.000001 0.998181 0.997902 0.998061 
0.959311 0.997926 0.997998 0.998107 0.997925 0.997980 0.000000 0.998180 0.997902 0.998061 
0.959210 0.997940 0.998040 0.998112 0.997920 0.997978 0.000001 0.998156 0.997898 0.998051 
0.959221 0.997937 0.998042 0.998110 0.997921 0.997978 0.000004 0.998160 0.997899 0.998052 
0.959216 0.997937 0.998044 0.998110 0.997920 0.997978 0.000011 0.998160 0.997898 0.998052 
0.959216 0.997933 0.998060 0.998108 0.997920 0.997977 0.000004 0.998164 0.997898 0.998053 
0.959138 0.998017 0.997823 0.998147 0.997918 0.997989 0.000000 0.998070 0.997899 0.998025 
0.869925 0.981233 0.000274 0.980468 0.982956 0.980796 0.980590 0.980436 0.980460 0.979567 
0.858047 0.975219 0.006994 0.975123 0.974376 0.975439 0.975278 0.975193 0.974941 0.975162 
0.858047 0.975219 0.003357 0.975117 0.977242 0.975432 0.975249 0.975193 0.974941 0.975172 
0.858047 0.975219 0.000000 0.975123 0.977242 0.975439 0.975249 0.975193 0.974941 0.975536 
0.858047 0.975219 0.000010 0.975123 0.977242 0.975439 0.975253 0.975193 0.974941 0.974802 
0.858047 0.975219 0.000000 0.975123 0.977242 0.975439 0.975249 0.975193 0.974941 0.974795 
0.858047 0.975219 0.000000 0.975123 0.977242 0.975439 0.975248 0.975193 0.974941 0.974793 
0.858047 0.975219 0.007121 0.975123 0.977242 0.975439 0.975249 0.975193 0.974941 0.975149 
0.858047 0.975219 0.001307 0.974954 0.977242 0.975251 0.975249 0.975193 0.974941 0.975769 
0.858047 0.975219 0.006058 0.975123 0.977242 0.975439 0.975489 0.975193 0.974941 0.975259 
0.766720 0.928978 0.935580 0.933925 0.933312 0.934133 0.934185 0.934880 0.932509 0.935592 
0.752117 0.925511 0.925910 0.924686 0.925384 0.924633 0.924827 0.925498 0.923444 0.926403 
0.752098 0.925502 0.926081 0.924677 0.925374 0.924624 0.924818 0.922034 0.923434 0.926394 
0.739914 0.919442 0.917644 0.918405 0.918290 0.917427 0.917525 0.916860 0.916250 0.917325 
0.732100 0.913241 0.912233 0.914382 0.913747 0.912811 0.912848 0.913543 0.911642 0.911509 
0.730456 0.911552 0.910583 0.912334 0.912310 0.911235 0.913046 0.911020 0.910787 0.913090 
0.705789 0.895016 0.894973 0.896139 0.895298 0.895182 0.891965 0.894609 0.900960 0.894588 
0.691848 0.884893 0.884199 0.886043 0.885484 0.884723 0.884654 0.884868 0.883543 0.886090 
0.687815 0.882175 0.881395 0.883457 0.882814 0.882052 0.881965 0.882482 0.880799 0.880501 
0.670324 0.868757 0.867658 0.869658 0.869408 0.868066 0.867411 0.869154 0.867676 0.870274 
0.654386 0.855561 0.854324 0.856950 0.855910 0.854936 0.855108 0.856088 0.854928 0.857374 
0.647532 0.850104 0.848773 0.851515 0.850393 0.849376 0.853010 0.850675 0.849623 0.852632 
0.631869 0.837135 0.836032 0.838316 0.837508 0.836267 0.845229 0.838121 0.837656 0.840646 
0.617496 0.825079 0.823645 0.826486 0.824612 0.824397 0.824391 0.827133 0.827162 0.831163 
0.605110 0.813096 0.812047 0.814412 0.814425 0.812153 0.814275 0.814669 0.814693 0.809335 
0.597733 0.806529 0.805550 0.808559 0.807658 0.804490 0.806196 0.807351 0.807887 0.807488 
0.590476 0.799844 0.798885 0.801023 0.800414 0.799265 0.801068 0.800781 0.800188 0.803117 
0.566525 0.777237 0.776978 0.780251 0.780392 0.773054 0.777466 0.776112 0.777451 0.775793 
0.562679 0.773958 0.773402 0.774284 0.774938 0.774604 0.770785 0.774069 0.772085 0.769847 
0.535668 0.745863 0.744827 0.745599 0.745798 0.744364 0.742492 0.745404 0.744556 0.741691 
0.524771 0.734185 0.734663 0.734384 0.733986 0.733965 0.731690 0.733953 0.733850 0.730683 
0.518026 0.726181 0.728071 0.727544 0.727168 0.724342 0.724568 0.727094 0.727041 0.723249 
0.512608 0.721877 0.721686 0.721109 0.720920 0.718547 0.718337 0.720931 0.721053 0.717653 
0.487460 0.693105 0.693235 0.691518 0.693676 0.697902 0.690614 0.694640 0.696434 0.691518 
0.479108 0.684263 0.684986 0.686520 0.683467 0.684895 0.685209 0.684615 0.687203 0.677179 
0.468495 0.671166 0.675213 0.673167 0.670454 0.671690 0.671984 0.671512 0.673876 0.664732 
0.455633 0.656818 0.655125 0.659635 0.655693 0.654458 0.654036 0.657414 0.653320 0.657428 
0.443225 0.640474 0.640578 0.641138 0.640533 0.640973 0.640207 0.641447 0.639612 0.633574 
0.425604 0.619509 0.619602 0.621070 0.619364 0.618296 0.620127 0.620257 0.616977 0.619640 
0.411922 0.604159 0.600874 0.600977 0.602786 0.601769 0.601417 0.602837 0.602354 0.602615 
0.400827 0.589226 0.587052 0.587751 0.589594 0.587694 0.588444 0.589461 0.588451 0.588626 
0.387604 0.572189 0.570702 0.571807 0.573448 0.572845 0.572291 0.573088 0.571216 0.571855 
0.376010 0.557042 0.555280 0.556810 0.557065 0.556629 0.556747 0.557342 0.557744 0.556275 
0.366612 0.544543 0.543155 0.545277 0.545177 0.544497 0.544675 0.545094 0.544201 0.544106 
0.353877 0.528410 0.528748 0.528963 0.528003 0.526626 0.528049 0.527651 0.528555 0.527617 
0.341755 0.511640 0.510512 0.512360 0.511431 0.512235 0.511607 0.511107 0.511704 0.511229 
0.327900 0.492218 0.494569 0.493227 0.492508 0.492473 0.492776 0.492060 0.492254 0.492673 
0.319636 0.480633 0.480799 0.481815 0.481222 0.480686 0.481545 0.480700 0.480653 0.481605 
0.300152 0.454090 0.454276 0.455382 0.454557 0.453989 0.455178 0.454328 0.453874 0.454986 
0.295839 0.447637 0.447763 0.449039 0.448243 0.447750 0.448853 0.447927 0.447533 0.448562 
0.282948 0.429133 0.429349 0.430880 0.429668 0.429939 0.430658 0.429834 0.428624 0.430173 
0.266489 0.406472 0.406393 0.407354 0.405117 0.407583 0.406861 0.404350 0.405902 0.406150 
0.256613 0.392013 0.392127 0.392914 0.393047 0.393819 0.393095 0.391201 0.390241 0.392454 
0.244363 0.373449 0.374009 0.375025 0.373644 0.371919 0.375629 0.374689 0.373151 0.374744 
0.238885 0.365882 0.366403 0.368804 0.366171 0.369056 0.368462 0.367985 0.363987 0.367827 
0.226684 0.347195 0.348505 0.350386 0.348076 0.350001 0.349951 0.348854 0.349654 0.348473 
0.217965 0.333839 0.335714 0.337223 0.334253 0.337379 0.336722 0.335181 0.334228 0.334642 
0.189899 0.293825 0.294482 0.294327 0.293928 0.296117 0.294629 0.291460 0.293248 0.291725 
0.188237 0.291456 0.291899 0.291788 0.291541 0.293674 0.292137 0.288871 0.290822 0.289185 
0.186362 0.287618 0.288740 0.288799 0.288745 0.286457 0.289162 0.282421 0.288043 0.285440 
0.171397 0.269354 0.265244 0.265982 0.266272 0.267787 0.267305 0.265211 0.264683 0.263580 
0.156738 0.245144 0.244606 0.243052 0.244287 0.245274 0.245714 0.242030 0.241949 0.241190 
0.154997 0.243557 0.243040 0.240907 0.241577 0.242582 0.242591 0.238384 0.239205 0.238465 
0.137075 0.213053 0.216723 0.213457 0.214804 0.215082 0.211759 0.211125 0.211464 0.211164 
0.138153 0.214819 0.218309 0.215090 0.213108 0.216721 0.218353 0.214032 0.213119 0.212866 
0.128578 0.200721 0.204205 0.200345 0.202042 0.201958 0.204305 0.205363 0.198221 0.198526 
0.087012 0.135481 0.135698 0.135276 0.135986 0.135312 0.135429 0.138070 0.134684 0.137017 
0.087012 0.135481 0.135698 0.135276 0.135986 0.135312 0.135429 0.134250 0.134684 0.137017 
0.088814 0.135654 0.138924 0.138449 0.139195 0.138560 0.138626 0.137423 0.137942 0.140616 
0.086843 0.134944 0.135396 0.134978 0.135685 0.135007 0.135129 0.133952 0.134378 0.136679 
0.087124 0.132913 0.136203 0.135772 0.136489 0.137979 0.135929 0.134746 0.135194 0.137581 
0.053299 0.081348 0.083643 0.083100 0.083502 0.084286 0.082718 0.083286 0.083024 0.083460 
0.054397 0.083111 0.085338 0.084799 0.085211 0.085948 0.084434 0.085070 0.084112 0.085204 
0.053733 0.081802 0.083817 0.083712 0.084101 0.083006 0.084628 0.083962 0.083358 0.085426 
0.039666 0.060501 0.062423 0.061853 0.062122 0.063331 0.061257 0.062504 0.061943 0.061519 
0.039674 0.060510 0.061858 0.061853 0.062121 0.061045 0.063356 0.061357 0.062132 0.061519 
0.039665 0.060501 0.062472 0.061853 0.062122 0.063717 0.060389 0.062604 0.061956 0.061519 
0.000000 0.976946 0.001457 0.000042 1.000000 0.999440 0.043159 0.866746 0.000001 0.998874 
0.000000 0.999190 0.007015 0.000007 0.856621 0.999845 0.255755 0.999988 0.000001 0.999591 
0.000000 0.996014 0.001906 0.000001 0.847730 0.999961 0.198022 0.999998 0.000000 0.999945 
0.000000 0.976946 0.001457 0.000042 1.000000 0.999440 0.043159 0.866746 0.635675 0.998874 
0.000000 0.999044 0.002608 0.376468 0.830700 0.999939 0.294653 0.999986 0.000001 0.817927 
0.000000 0.999850 0.000717 0.000000 0.938263 0.999991 0.067290 1.000000 0.165495 0.999998 
