0.000000 0.937111 1.000000 0.000084 0.000000 0.996382 0.878754 1.000000 0.999903 0.999995 
0.009193 0.014862 0.006986 0.015364 0.000150 0.013403 0.020740 0.012691 0.031108 0.010129 
0.017332 0.028290 0.015519 0.026170 0.020791 0.027927 0.028079 0.027360 0.028943 0.036134 
0.025617 0.040552 0.034850 0.040068 0.035382 0.040534 0.039799 0.040230 0.019906 0.033938 
0.034204 0.053569 0.056148 0.054693 0.028064 0.053877 0.052657 0.053856 0.055489 0.072523 
0.041722 0.060391 0.064446 0.063521 0.062955 0.060343 0.065726 0.077536 0.068366 0.064311 
0.048800 0.076926 0.073272 0.077185 0.072793 0.073098 0.077053 0.077146 0.076386 0.084685 
0.055408 0.082520 0.086258 0.085649 0.084579 0.076286 0.086057 0.086288 0.087796 0.086546 
0.063829 0.096208 0.099425 0.098770 0.097941 0.109423 0.099502 0.107642 0.100798 0.099711 
0.072823 0.109184 0.114170 0.121089 0.112054 0.107655 0.112982 0.113259 0.108958 0.114711 
0.079577 0.124874 0.123201 0.124252 0.125188 0.124764 0.126382 0.124338 0.107772 0.128999 
0.084290 0.131973 0.131597 0.131359 0.132168 0.131791 0.131728 0.131470 0.119697 0.135948 
0.094509 0.147364 0.149801 0.146770 0.147302 0.147026 0.147141 0.146934 0.145554 0.151015 
0.100436 0.155238 0.158179 0.158974 0.155687 0.157924 0.157396 0.155975 0.151645 0.160018 
0.109533 0.170257 0.171743 0.171647 0.170272 0.173759 0.169331 0.169885 0.167847 0.172898 
0.116983 0.182528 0.182679 0.182060 0.184979 0.191515 0.181443 0.182534 0.182225 0.183073 
0.119708 0.187037 0.186805 0.185843 0.186609 0.197995 0.188721 0.185425 0.187076 0.187069 
0.132488 0.208005 0.209937 0.207093 0.208828 0.208049 0.207102 0.205665 0.208244 0.206248 
0.136224 0.213218 0.212489 0.210031 0.211997 0.212605 0.210710 0.209853 0.210025 0.212204 
0.144561 0.225548 0.225092 0.223737 0.225383 0.224730 0.223451 0.222083 0.224138 0.225286 
0.154620 0.240599 0.241720 0.239699 0.241652 0.240465 0.239416 0.238920 0.240659 0.238907 
0.159798 0.247876 0.250968 0.246609 0.250049 0.248204 0.247698 0.246884 0.247961 0.246832 
0.166278 0.257639 0.259264 0.258524 0.260205 0.258723 0.258521 0.258248 0.261268 0.254598 
0.175515 0.271411 0.274752 0.270492 0.276340 0.271891 0.272427 0.272323 0.272434 0.270212 
0.178786 0.275884 0.275334 0.275226 0.278972 0.277512 0.276481 0.278113 0.275727 0.274499 
0.185094 0.285755 0.289248 0.287809 0.292363 0.286328 0.287500 0.287828 0.287350 0.284462 
0.197374 0.303674 0.301676 0.300004 0.302877 0.304740 0.304162 0.307647 0.302419 0.305126 
0.205855 0.316221 0.314047 0.312484 0.315483 0.317518 0.317125 0.321212 0.315234 0.318015 
0.212166 0.324689 0.325183 0.325133 0.326611 0.324883 0.325485 0.326271 0.328595 0.322070 
0.218254 0.336305 0.334251 0.336129 0.358151 0.335950 0.334030 0.337695 0.334354 0.335199 
0.230108 0.353332 0.353505 0.354031 0.350135 0.353529 0.355238 0.356213 0.347381 0.355963 
0.233847 0.359253 0.356495 0.358932 0.361007 0.359600 0.358177 0.361660 0.359757 0.362982 
0.239930 0.368185 0.365718 0.367744 0.369879 0.367383 0.367500 0.370037 0.368485 0.371143 
0.248702 0.381087 0.378453 0.380539 0.374626 0.380104 0.381046 0.383126 0.382299 0.379119 
0.257351 0.393482 0.396993 0.392977 0.389064 0.390342 0.393482 0.394211 0.394426 0.391914 
0.267819 0.408834 0.408836 0.408622 0.409306 0.407393 0.408130 0.408753 0.408382 0.400003 
0.271604 0.414410 0.413311 0.414208 0.416404 0.412971 0.413463 0.413942 0.413507 0.412820 
0.271604 0.414410 0.413311 0.414208 0.416404 0.412971 0.413383 0.413942 0.413507 0.412820 
0.273451 0.415001 0.416124 0.416924 0.419775 0.415622 0.416078 0.416428 0.416024 0.415539 
0.299324 0.453572 0.451646 0.452693 0.454619 0.452132 0.453862 0.452113 0.452384 0.468503 
0.306034 0.462360 0.460637 0.461875 0.463859 0.461230 0.462828 0.461233 0.461904 0.471626 
0.318528 0.480101 0.477976 0.479524 0.480532 0.478235 0.480699 0.478493 0.481275 0.478460 
0.320529 0.482759 0.480782 0.482355 0.483098 0.480807 0.483424 0.481286 0.483791 0.480892 
0.331572 0.496869 0.496428 0.498065 0.497886 0.497120 0.496907 0.497245 0.496625 0.499388 
0.334437 0.500865 0.499870 0.502132 0.502000 0.501341 0.502079 0.501079 0.501278 0.503593 
0.333926 0.500197 0.499745 0.501407 0.501312 0.500452 0.501373 0.500518 0.500081 0.502808 
0.351497 0.523887 0.524320 0.526236 0.522028 0.523985 0.525183 0.524869 0.525992 0.523100 
0.356005 0.529999 0.530631 0.532610 0.527490 0.530064 0.531972 0.531119 0.532637 0.528465 
0.364382 0.541294 0.542304 0.544421 0.538259 0.541581 0.543515 0.542795 0.541517 0.537327 
0.356005 0.529999 0.530631 0.533228 0.527490 0.530064 0.531972 0.531119 0.532637 0.528465 
0.405481 0.595034 0.593962 0.599535 0.593945 0.591927 0.594688 0.596706 0.594187 0.593130 
0.405481 0.595034 0.593962 0.599535 0.596664 0.591927 0.594688 0.596706 0.594187 0.593130 
0.408697 0.599015 0.597225 0.603144 0.597961 0.596189 0.598574 0.600427 0.598161 0.597183 
0.432993 0.630151 0.632356 0.629751 0.629306 0.628550 0.628294 0.628805 0.627794 0.628456 
0.432858 0.630030 0.631547 0.629587 0.629024 0.628374 0.628085 0.628640 0.627658 0.626922 
0.431634 0.628620 0.630506 0.628253 0.627567 0.626740 0.626636 0.627221 0.626129 0.624868 
0.445783 0.645102 0.645135 0.644777 0.644242 0.645554 0.643384 0.643233 0.643713 0.643878 
0.451070 0.651473 0.648136 0.650702 0.650881 0.652364 0.649795 0.649462 0.650526 0.650596 
0.455372 0.656124 0.658034 0.654841 0.655880 0.656642 0.654838 0.654322 0.656174 0.656652 
0.454511 0.655155 0.657010 0.654094 0.654788 0.656032 0.653795 0.653293 0.654979 0.655522 
0.465913 0.667129 0.663195 0.667505 0.671270 0.670583 0.668393 0.668175 0.668188 0.667789 
0.487554 0.691325 0.688402 0.699926 0.695623 0.693111 0.694435 0.692053 0.692681 0.691693 
0.537078 0.747715 0.746861 0.748355 0.749537 0.747090 0.744332 0.747215 0.746562 0.747361 
0.538039 0.748295 0.747595 0.748611 0.752180 0.747306 0.745054 0.747988 0.747521 0.747927 
0.538039 0.748295 0.747595 0.748611 0.752779 0.747306 0.745054 0.747988 0.747521 0.747927 
0.538672 0.748625 0.748030 0.748699 0.753136 0.747727 0.745475 0.748436 0.747883 0.748223 
0.537801 0.747859 0.747139 0.748096 0.752141 0.748812 0.744564 0.747451 0.747026 0.747357 
0.538862 0.748792 0.748224 0.748831 0.753353 0.747491 0.745673 0.748651 0.748343 0.748413 
0.538274 0.748295 0.747595 0.748611 0.752779 0.747306 0.745054 0.747988 0.747521 0.747927 
0.580256 0.785401 0.790798 0.790669 0.790283 0.790005 0.787553 0.792454 0.786051 0.790447 
0.583781 0.788294 0.794293 0.794285 0.793206 0.793599 0.791132 0.790934 0.789095 0.793922 
0.585715 0.790229 0.796413 0.796187 0.795154 0.795611 0.793076 0.792913 0.791024 0.795990 
0.668086 0.866819 0.866954 0.866830 0.873010 0.869661 0.867324 0.867454 0.865428 0.867042 
0.668088 0.866821 0.866955 0.866747 0.873011 0.869663 0.867325 0.867455 0.865354 0.867044 
0.667975 0.866701 0.866868 0.866657 0.872959 0.869560 0.867235 0.867374 0.869716 0.866952 
0.660153 0.861639 0.861285 0.860871 0.861860 0.869085 0.859366 0.862396 0.860827 0.862342 
0.660188 0.861661 0.861310 0.860842 0.861909 0.869087 0.859400 0.862418 0.860847 0.862363 
0.668194 0.866748 0.867030 0.865345 0.873296 0.869911 0.867306 0.867513 0.865468 0.867071 
0.670184 0.868492 0.868555 0.868382 0.874393 0.871828 0.871198 0.868923 0.871041 0.868638 
0.681350 0.880905 0.877152 0.877265 0.879181 0.881708 0.877903 0.876944 0.875238 0.877766 
0.693739 0.887582 0.886541 0.886768 0.889680 0.895995 0.885686 0.885436 0.885161 0.886603 
0.708284 0.903398 0.899109 0.895807 0.896886 0.900967 0.894266 0.896509 0.898535 0.897580 
0.721563 0.916822 0.909716 0.906007 0.905155 0.926639 0.904385 0.906320 0.909580 0.905543 
0.735570 0.927404 0.920714 0.915667 0.916057 0.924277 0.913949 0.915164 0.921716 0.914837 
0.880897 0.983729 0.982944 0.983121 0.983678 0.982889 0.982177 0.982522 0.983140 0.982031 
0.881077 0.981925 0.982897 0.982425 0.984189 0.982932 0.982281 0.983128 0.983172 0.981902 
0.881295 0.982754 0.982867 0.981129 0.984889 0.982981 0.982412 0.983934 0.983224 0.982622 
0.880915 0.983743 0.982920 0.983391 0.983667 0.982895 0.982184 0.982527 0.983134 0.981367 
0.881165 0.983319 0.983030 0.983286 0.984214 0.982960 0.982319 0.983219 0.983153 0.981995 
0.880792 0.983651 0.983081 0.981594 0.983741 0.982852 0.982138 0.982497 0.983177 0.981319 
0.881295 0.982754 0.982867 0.981279 0.984834 0.982981 0.982412 0.983934 0.983224 0.982154 
0.880915 0.983743 0.982920 0.983391 0.980574 0.982895 0.982184 0.982527 0.983134 0.981367 
0.881175 0.983302 0.983034 0.983282 0.985242 0.982962 0.982324 0.983246 0.983154 0.982019 
0.889711 0.989752 0.986233 0.984651 0.987812 0.985234 0.985423 0.985053 0.981042 0.987364 
0.921115 0.994308 0.992018 0.992328 0.992201 0.997428 0.990627 0.991027 0.990719 0.992503 
0.927383 0.995370 0.993540 0.993891 0.993096 0.997387 0.991691 0.992228 0.991980 0.994289 
0.941952 0.996686 0.995374 0.996495 0.995166 0.998323 0.994971 0.995031 0.995820 0.995922 
0.961101 0.998416 0.997784 0.999917 0.997886 0.999553 0.999282 0.998716 0.998250 0.998069 
0.980484 0.999361 0.999507 0.999492 0.999913 0.999704 0.999717 0.999592 0.999553 0.999787 
1.000000 1.000000 1.000000 0.006525 0.000000 1.000000 0.999947 1.000000 0.999999 0.999998 
