0.000000 0.340371 0.000302 0.359724 0.998351 0.996523 0.067359 0.959547 0.586718 0.999863 
0.000000 0.000798 0.002431 0.000185 0.999871 0.992573 0.342525 0.017215 0.999966 0.999991 
0.000000 0.582007 0.000087 0.615053 0.997423 0.998949 0.031677 0.993794 0.266220 0.999946 
0.000000 0.003748 0.001000 0.000032 0.999967 0.999909 0.873899 0.003325 0.999990 0.999999 
0.000000 0.000785 0.001200 0.000183 0.999867 0.991773 0.342787 0.016985 0.999967 0.981167 
0.000000 0.000798 0.022245 0.000185 0.999871 0.992573 0.342525 0.017215 0.999966 0.999991 
0.064954 0.097563 0.999935 0.089748 0.998527 0.099383 0.999983 0.935608 0.112443 0.884114 
0.068832 0.109948 0.991784 0.102499 0.995558 0.105594 0.994393 0.919031 0.117176 0.997233 
0.068888 0.116300 0.997730 0.103048 0.996118 0.104564 0.999449 0.925368 0.117186 0.999543 
0.065599 0.106478 0.999854 0.092042 0.996628 0.100737 0.999298 0.932038 0.112716 0.903004 
0.068888 0.116300 0.997730 0.103048 0.996118 0.104564 0.998338 0.919025 0.117186 0.999543 
0.068832 0.109948 0.991784 0.102499 0.995558 0.105594 0.994393 0.919031 0.126693 0.997233 
0.068832 0.109948 0.998574 0.102499 0.995558 0.105594 0.994393 0.919031 0.117176 0.892408 
0.068832 0.109948 0.992465 0.102499 0.995558 0.105594 0.994393 0.919031 0.129653 0.998753 
0.066245 0.087604 0.995524 0.087228 0.981702 0.097955 0.128973 0.940690 0.113831 0.990782 
0.066537 0.094773 0.993587 0.089068 0.982311 0.099034 0.149550 0.937695 0.113859 0.991564 
0.068835 0.151172 0.978350 0.103543 0.987102 0.107523 0.988593 0.914140 0.114081 0.997712 
0.203752 0.323545 0.375938 0.990195 0.662004 0.343952 0.362802 0.316888 0.342610 0.341369 
0.211079 0.222717 0.362214 0.998012 0.905461 0.363146 0.346994 0.280006 0.328084 0.348730 
0.232254 0.339181 0.373465 0.998907 0.606625 0.346483 0.361647 0.335689 0.343400 0.969937 
0.230725 0.283750 0.382365 0.927974 0.942007 0.348859 0.361017 0.267576 0.340573 0.361667 
0.230778 0.285658 0.382058 0.930953 0.924847 0.348778 0.361039 0.269921 0.340670 0.365555 
0.230026 0.287059 0.380495 0.940407 0.897369 0.349240 0.360464 0.277080 0.340327 0.373123 
0.230778 0.285658 0.382058 0.930953 0.890610 0.348778 0.361039 0.269921 0.340670 0.365555 
0.209685 0.281857 0.352443 0.994399 0.760937 0.342323 0.355913 0.302920 0.336461 0.406092 
0.225952 0.294651 0.372022 0.991640 0.748454 0.351745 0.357350 0.308218 0.338468 0.414135 
0.224927 0.289695 0.371346 0.998383 0.489363 0.352530 0.356636 0.306274 0.337752 0.409629 
0.208639 0.326225 0.375514 0.991688 0.652511 0.326701 0.362604 0.320111 0.342745 0.449126 
0.344399 0.430232 0.018107 0.999037 0.476896 0.496420 0.061279 0.479778 0.503799 0.024160 
0.486400 0.712972 0.673025 0.622330 0.022297 0.709481 0.647159 0.665629 0.700545 0.675230 
0.486400 0.712897 0.667974 0.622543 0.754662 0.709481 0.705494 0.665629 0.719155 0.674219 
0.478133 0.684985 0.681975 0.038927 0.361888 0.711845 0.002638 0.674753 0.662417 0.680857 
0.478133 0.684985 0.681975 0.038927 0.379767 0.711845 0.002638 0.674753 0.662417 0.680857 
0.467605 0.049043 0.646454 0.649226 0.049410 0.683303 0.725379 0.639585 0.695979 0.688830 
0.486400 0.712839 0.677109 0.622310 0.100357 0.709481 0.761422 0.665629 0.703609 0.682440 
0.486400 0.712899 0.668177 0.622537 0.739118 0.709143 0.703521 0.125957 0.718770 0.674399 
0.486400 0.713394 0.667055 0.622436 0.687789 0.709481 0.271362 0.665629 0.715487 0.673032 
0.486400 0.713051 0.670765 0.622341 0.001467 0.709481 0.579907 0.684170 0.698409 0.662564 
0.486400 0.713051 0.670765 0.622341 0.009126 0.709481 0.579907 0.684170 0.698409 0.662564 
0.488489 0.712302 0.659492 0.611360 0.023750 0.699082 0.573532 0.672250 0.686107 0.650933 
0.599400 0.000085 0.795761 0.005321 0.097273 0.000120 0.000000 0.146500 0.000004 0.000328 
0.603446 0.014718 0.000039 0.000485 0.809472 0.123547 0.219847 0.002611 0.006597 0.008604 
0.599400 0.000085 0.795761 0.088797 0.097273 0.000120 0.000000 0.146500 0.000004 0.000328 
0.604206 0.046484 0.000036 0.000414 0.799979 0.069040 0.221427 0.000080 0.006862 0.006449 
0.604206 0.046484 0.000036 0.000414 0.799979 0.138211 0.221427 0.000259 0.006862 0.006449 
0.604206 0.046484 0.000036 0.000414 0.799979 0.138211 0.221427 0.000897 0.006862 0.006449 
0.601179 0.076509 0.020264 0.000523 0.827342 0.150544 0.209275 0.787371 0.000033 0.021008 
0.605676 0.040416 0.031096 0.000961 0.836124 0.121235 0.217697 0.013062 0.002268 0.002533 
0.601157 0.075549 0.030006 0.000583 0.818170 0.148655 0.206646 0.022963 0.021014 0.020748 
0.604561 0.040646 0.033064 0.001174 0.836437 0.121206 0.219299 0.009832 0.002500 0.004601 
0.708005 0.001024 0.897937 0.007096 0.019557 0.000438 0.000092 0.042907 0.005724 0.006134 
0.682214 0.000332 0.877900 0.008566 0.000450 0.000190 0.000002 0.005404 0.005921 0.000627 
0.699012 0.000134 0.886802 0.007343 0.016376 0.009600 0.000024 0.000696 0.006297 0.030518 
0.704828 0.000065 0.889884 0.006920 0.021889 0.012857 0.000031 0.008280 0.006428 0.040867 
0.702985 0.001544 0.888087 0.011644 0.022360 0.000543 0.000249 0.074322 0.011544 0.016339 
0.704171 0.000053 0.889243 0.008301 0.022057 0.000006 0.000036 0.071257 0.007753 0.042795 
0.704171 0.000296 0.889243 0.008301 0.022057 0.000006 0.000036 0.071257 0.007753 0.042795 
0.712932 0.000741 0.903223 0.006822 0.072439 0.001371 0.000482 0.082793 0.009773 0.023687 
0.707466 0.000116 0.892457 0.001373 0.021215 0.064475 0.000013 0.062738 0.001103 0.033120 
0.719547 0.055075 0.884228 0.121032 0.884798 0.005614 0.011942 0.160474 0.065131 0.902854 
0.727122 0.003345 0.944937 0.000143 0.903596 0.945663 0.000248 0.085216 0.000020 0.093612 
0.805725 0.958841 0.958625 0.962501 0.952611 0.010349 0.959113 0.000626 0.055329 0.047242 
0.805726 0.958843 0.958626 0.962490 0.952618 0.010343 0.959115 0.003747 0.055307 0.047217 
0.805677 0.958822 0.958602 0.962190 0.952569 0.044573 0.959092 0.003773 0.055549 0.046916 
0.798689 0.942192 0.943336 0.952562 0.946954 0.003224 0.945570 0.005819 0.073522 0.051046 
0.806611 0.960866 0.961003 0.943437 0.957480 0.000933 0.961200 0.004274 0.023225 0.006603 
0.801993 0.957192 0.956686 0.940754 0.948650 0.008544 0.957312 0.005876 0.078955 0.025601 
0.801370 0.956841 0.956274 0.938891 0.948149 0.001532 0.956913 0.018070 0.075759 0.022102 
0.801806 0.957193 0.956688 0.938416 0.948654 0.008542 0.957318 0.005880 0.074649 0.023123 
0.807140 0.961270 0.961478 0.943990 0.964651 0.000096 0.961627 0.004097 0.017570 0.004786 
0.810417 0.963775 0.964423 0.947406 0.964472 0.015609 0.964637 0.003256 0.025003 0.027017 
0.809933 0.963405 0.963988 0.946901 0.964498 0.013318 0.964193 0.000398 0.023906 0.023734 
0.857564 0.975983 0.979695 0.977306 0.114003 0.979935 0.974181 0.020284 0.977643 0.009007 
0.896663 0.982405 0.998999 0.999903 0.985934 0.001796 0.997845 0.000278 0.016010 0.010537 
0.898167 0.990892 0.999931 0.999997 0.981600 0.003078 0.999511 0.000456 0.027813 0.000725 
0.898198 0.991239 0.999804 0.999997 0.981560 0.003093 0.999540 0.000458 0.027946 0.002720 
0.898167 0.990893 0.999930 0.999997 0.981600 0.003078 0.999978 0.000456 0.027814 0.000734 
0.898303 0.992406 0.999379 0.999997 0.981427 0.003142 0.999939 0.000465 0.028391 0.009430 
0.898183 0.994413 0.999865 0.999997 0.992755 0.003086 0.999526 0.000457 0.027882 0.001767 
0.898503 0.994637 0.998566 0.999998 0.981171 0.003237 0.999921 0.000478 0.029241 0.022247 
0.898465 0.994217 0.998719 0.999998 0.980321 0.021214 0.999874 0.000475 0.029081 0.019831 
0.898198 0.991239 0.999804 0.999997 0.974297 0.003093 0.999540 0.000458 0.027946 0.002720 
0.902682 0.000846 0.997955 0.000152 0.997238 0.002773 0.000980 0.034942 0.000056 0.216975 
0.943967 0.996343 0.999961 0.999992 0.003351 0.999925 0.995745 0.000362 0.996313 0.000049 
0.953349 0.997647 0.999962 1.000000 0.004331 0.999945 0.997187 0.000207 0.997580 0.009074 
0.953508 0.997431 0.999966 0.999998 0.005356 0.999944 0.997425 0.000201 0.997322 0.024911 
0.950042 0.996678 0.999972 0.999993 0.004574 0.999941 0.997045 0.000011 0.998650 0.000127 
0.964299 0.998488 0.999976 0.999997 0.006262 0.999961 0.999482 0.000016 0.998259 0.005161 
0.946242 0.996845 0.999966 0.999998 0.004265 0.999935 1.000000 0.000313 0.996675 0.000081 
0.946242 0.996845 0.999966 0.999993 0.004265 0.999935 1.000000 0.000313 0.996675 0.000294 
0.965206 0.999295 0.999962 0.999998 0.005570 0.999971 0.999010 0.000010 0.999181 0.020480 
0.963310 0.997609 0.999990 0.999996 0.007016 0.999950 0.999997 0.000023 0.997255 0.003325 
0.963072 0.997398 0.999994 0.999996 0.007198 0.999975 0.999832 0.000024 0.997013 0.000295 
0.969055 0.999988 1.000000 1.000000 0.000028 1.000000 1.000000 0.000001 0.999490 0.026224 
0.978294 0.999971 1.000000 0.999999 0.000984 1.000000 1.000000 0.000006 0.999381 0.021018 
0.979591 0.999971 1.000000 0.999999 0.000931 0.999999 1.000000 0.000006 0.999417 0.023095 
0.985031 0.999811 0.999806 0.999999 0.010724 0.999985 0.999848 0.000013 0.999808 0.017243 
0.990489 0.999967 1.000000 0.999999 0.000863 1.000000 1.000000 0.000006 0.999410 0.021815 
0.995448 0.999970 0.999997 0.999999 0.000279 0.999995 1.000000 0.000007 0.999868 0.001951 
1.000000 0.998723 1.000000 1.000000 0.999994 0.003234 0.017709 0.002254 0.998217 0.000000 
