1.000000 1.000000 1.000000 0.000000 1.000000 0.999317 0.000000 1.000000 0.000000 0.000000 
1.000000 1.000000 1.000000 0.000000 1.000000 0.990099 0.000000 1.000000 0.000000 0.000000 
1.000000 1.000000 1.000000 0.000000 1.000000 0.000000 0.000000 1.000000 0.000000 0.000000 
1.000000 1.000000 1.000000 0.000000 1.000000 0.000000 0.000000 1.000000 0.000000 0.000000 
1.000000 1.000000 1.000000 0.000000 1.000000 0.000000 0.000000 1.000000 0.000000 0.000000 
1.000000 1.000000 1.000000 0.000000 1.000000 0.000000 0.000000 1.000000 0.000000 0.000000 
0.959656 0.997482 0.997656 0.003851 0.998019 0.000000 0.000050 0.997438 0.000029 0.000001 
0.953436 0.996839 0.996822 0.002747 0.997513 0.000001 0.000089 0.996892 0.000020 0.000000 
0.944757 0.995942 0.995651 0.000460 0.996807 0.000013 0.000244 0.996129 0.000150 0.000001 
0.942438 0.995702 0.995337 0.000061 0.996619 0.000017 0.000090 0.995926 0.000213 0.000002 
0.942522 0.995711 0.995350 0.000178 0.996626 0.000016 0.000284 0.995933 0.000183 0.000002 
0.942409 0.995699 0.995334 0.000375 0.996616 0.000016 0.000054 0.995923 0.000199 0.000001 
0.942998 0.995760 0.995414 0.000308 0.996664 0.000015 0.000275 0.995975 0.000010 0.000002 
0.942998 0.995760 0.995414 0.000305 0.996664 0.000005 0.000275 0.995975 0.000176 0.000000 
0.942998 0.995760 0.995414 0.000305 0.996664 0.000015 0.000275 0.995975 0.000176 0.000000 
0.942932 0.995753 0.995412 0.000868 0.996659 0.000011 0.000089 0.995969 0.000001 0.000000 
0.942924 0.995752 0.995411 0.000938 0.996658 0.000010 0.000066 0.995968 0.000000 0.000000 
0.868066 0.016000 0.005188 0.000329 0.002737 0.000010 0.002192 0.979750 0.978933 0.976166 
0.862387 0.014908 0.000038 0.975357 0.006535 0.000012 0.021534 0.979261 0.978433 0.976117 
0.867131 0.015811 0.004356 0.001229 0.000000 0.000010 0.007101 0.979676 0.978857 0.976164 
0.863193 0.000559 0.002348 0.005845 0.004454 0.003183 0.000766 0.980149 0.979306 0.976898 
0.866386 0.013696 0.005625 0.002596 0.015157 0.003523 0.003755 0.980101 0.979261 0.976776 
0.864693 0.013866 0.006804 0.000412 0.009232 0.005125 0.017727 0.979459 0.978623 0.976320 
0.865195 0.012487 0.008299 0.000042 0.010834 0.005777 0.023414 0.979228 0.978394 0.976126 
0.864120 0.016194 0.002690 0.003405 0.000011 0.000091 0.039137 0.978754 0.977942 0.975511 
0.862278 0.014827 0.000040 0.005899 0.006945 0.000007 0.020430 0.979293 0.978464 0.976155 
0.864026 0.015760 0.002776 0.007001 0.000052 0.000570 0.034148 0.979033 0.978215 0.975781 
0.859665 0.017000 0.000650 0.006462 0.007236 0.000097 0.038836 0.977427 0.976627 0.974543 
0.760935 0.000581 0.001033 0.000100 0.000297 0.000032 0.001248 0.000000 0.932953 0.000001 
0.752829 0.007696 0.000989 0.000100 0.000287 0.000031 0.001189 0.000000 0.926732 0.000047 
0.733963 0.000008 0.001805 0.000000 0.914129 0.000000 0.000683 0.014913 0.911298 0.000000 
0.733847 0.000002 0.001071 0.000000 0.913662 0.000000 0.002323 0.008324 0.910039 0.000000 
0.720685 0.000018 0.009182 0.000000 0.907840 0.000006 0.003518 0.000000 0.904653 0.000008 
0.720605 0.000007 0.000047 0.000000 0.909144 0.000006 0.002775 0.000000 0.904617 0.000008 
0.721055 0.000007 0.000163 0.000000 0.909308 0.000005 0.003433 0.000144 0.904831 0.000007 
0.720633 0.000002 0.000034 0.000000 0.909150 0.000006 0.003523 0.000000 0.904621 0.000008 
0.720634 0.000007 0.000110 0.000000 0.909150 0.000006 0.003522 0.000000 0.904621 0.000008 
0.720639 0.000007 0.000395 0.000000 0.909152 0.000006 0.003521 0.000000 0.904621 0.000008 
0.719723 0.000001 0.000235 0.000000 0.908840 0.000000 0.003605 0.001274 0.904248 0.000004 
0.634396 0.000079 0.000145 0.000003 0.000760 0.000016 0.000009 0.019858 0.831936 0.838224 
0.623586 0.000067 0.000133 0.000010 0.000552 0.000012 0.000008 0.013636 0.823670 0.827904 
0.589277 0.000114 0.000119 0.000128 0.000003 0.000008 0.000004 0.795135 0.799359 0.795720 
0.591070 0.794024 0.000115 0.000095 0.000096 0.000008 0.000001 0.000165 0.801361 0.797298 
0.589160 0.000162 0.000168 0.000381 0.014928 0.000258 0.000055 0.794984 0.799209 0.795746 
0.591070 0.794024 0.000115 0.000095 0.000096 0.000008 0.000001 0.000535 0.801361 0.797298 
0.559190 0.000004 0.000540 0.000215 0.002307 0.774944 0.000022 0.791356 0.780659 0.767121 
0.555608 0.000004 0.013703 0.000265 0.002376 0.000029 0.000027 0.770074 0.777156 0.763899 
0.554029 0.000002 0.000569 0.000273 0.002477 0.000030 0.000028 0.786302 0.776079 0.762413 
0.557857 0.000003 0.000547 0.000230 0.002351 0.000029 0.000024 0.790051 0.779476 0.765905 
0.558140 0.000007 0.000519 0.000253 0.002213 0.000028 0.000025 0.744041 0.778884 0.766284 
0.373805 0.540132 0.567380 0.552975 0.560106 0.554550 0.565290 0.523570 0.547087 0.577986 
0.373836 0.543347 0.555764 0.496912 0.560157 0.554501 0.565546 0.556088 0.544797 0.572241 
0.373795 0.539043 0.563444 0.497375 0.560090 0.554566 0.565085 0.562807 0.548362 0.560137 
0.373795 0.539043 0.560291 0.497375 0.560090 0.554566 0.565042 0.562586 0.548604 0.569611 
0.373795 0.539043 0.571807 0.497375 0.560090 0.554566 0.565346 0.546689 0.546868 0.562513 
0.373795 0.539043 0.572401 0.497375 0.560090 0.554566 0.565205 0.563432 0.547674 0.561231 
0.373878 0.546613 0.542969 0.496444 0.560224 0.554436 0.565761 0.555610 0.541492 0.577622 
0.373794 0.538922 0.572668 0.497459 0.560088 0.554568 0.565220 0.563203 0.547799 0.561941 
0.373819 0.541226 0.557540 0.497106 0.560129 0.538721 0.565280 0.560731 0.546381 0.565179 
0.373787 0.538242 0.574208 0.585929 0.560076 0.554579 0.565140 0.564401 0.548433 0.581362 
0.373812 0.540583 0.542593 0.497185 0.560118 0.554539 0.564665 0.564510 0.548111 0.574327 
0.245537 0.366641 0.363861 0.391012 0.374186 0.994346 0.999057 0.357858 0.398034 0.385030 
0.245526 0.387623 0.363873 0.390571 0.373390 0.987227 0.999999 0.365587 0.396221 0.354568 
0.248659 0.384608 0.363156 0.407234 0.995607 0.989941 0.376467 0.379262 0.395540 0.355941 
0.245522 0.366857 0.363877 0.390555 0.373725 0.993963 0.999976 0.356887 0.396241 0.355503 
0.245522 0.366857 0.363877 0.390555 0.373725 0.993963 0.999976 0.356887 0.396241 0.354522 
0.245522 0.366857 0.363877 0.390555 0.373725 0.993963 0.999054 0.356887 0.396241 0.354522 
0.248417 0.381780 0.375876 0.391667 0.924854 0.999973 0.377268 0.406221 0.395447 0.356193 
0.248507 0.382403 0.371678 0.394104 0.938426 0.996770 0.374822 0.398155 0.395476 0.356114 
0.248416 0.378173 0.376026 0.391670 0.924850 0.999995 0.376843 0.406531 0.395446 0.356197 
0.248436 0.382033 0.371492 0.391562 0.924985 0.996703 0.389681 0.397173 0.395494 0.356076 
0.245678 0.364620 0.363711 0.395302 0.378509 0.997936 0.999089 0.366961 0.414857 0.358046 
0.128800 0.188188 0.187863 0.999992 0.999930 0.988531 0.200132 0.199506 0.199791 0.999679 
0.128800 0.188188 0.187865 0.999992 0.995429 0.988531 0.200132 0.199506 0.202224 0.995066 
0.128800 0.188402 0.199294 0.999990 0.999931 0.950616 0.200136 0.199508 0.211042 0.999683 
0.128800 0.188221 0.191402 0.999991 0.996605 0.962689 0.200133 0.199508 0.206196 0.999684 
0.128800 0.198095 0.176812 0.999993 0.980670 0.985006 0.200127 0.199507 0.197237 0.999685 
0.128800 0.188195 0.188606 0.999992 0.995675 0.983119 0.200132 0.199507 0.203056 0.952692 
0.128800 0.215854 0.191344 0.999992 0.996765 0.974792 0.200133 0.199507 0.205102 0.964731 
0.128800 0.188033 0.195947 0.999995 0.989827 0.998212 0.200128 0.199505 0.208345 0.924181 
0.129650 0.187957 0.207482 0.998586 0.996488 0.961336 0.197167 0.199239 0.207185 0.999598 
0.128800 0.187902 0.189381 0.999996 0.997743 0.988029 0.200126 0.199505 0.204355 0.929130 
0.128800 0.187909 0.194814 0.999997 0.986409 0.989336 0.200126 0.199504 0.207432 0.898635 
0.039645 0.040019 0.052411 0.061995 0.998641 0.965400 0.990961 0.057665 0.069147 0.059750 
0.039645 0.039309 0.052411 0.061253 0.999068 0.978083 0.993072 0.057655 0.069377 0.060195 
0.039645 0.039315 0.052410 0.059707 0.999829 0.960699 0.983722 0.063107 0.070782 0.061251 
0.039645 0.038980 0.061114 0.072447 0.991765 0.973205 0.993241 0.057690 0.063585 0.055645 
0.039645 0.039311 0.052410 0.060757 0.999166 0.991999 0.977776 0.057652 0.069828 0.060534 
0.039645 0.039311 0.052410 0.060871 0.999143 0.981063 0.985132 0.057653 0.069724 0.060456 
0.039645 0.040019 0.052411 0.061995 0.998641 0.965400 0.977860 0.057665 0.069147 0.059750 
0.039645 0.039308 0.052411 0.061505 0.999018 0.965199 0.985900 0.057656 0.069147 0.060023 
0.039645 0.040344 0.052411 0.061737 0.999821 0.964285 0.968299 0.057666 0.069585 0.059956 
0.039645 0.039319 0.052410 0.058504 0.999904 0.999561 0.982264 0.057639 0.071876 0.062074 
0.039645 0.039319 0.052410 0.058504 0.999611 0.999561 0.982264 0.057639 0.071876 0.062074 
0.000000 0.976946 0.001457 0.000042 1.000000 0.999440 0.043159 0.866746 0.000001 0.998874 
0.000000 0.999190 0.007015 0.000007 0.856621 0.999845 0.255755 0.999988 0.000001 0.999591 
0.000000 0.996014 0.001906 0.000001 0.847730 0.999961 0.198022 0.999998 0.000000 0.999945 
0.000000 0.976946 0.001457 0.000042 1.000000 0.999440 0.043159 0.866746 0.635675 0.998874 
0.000000 0.999044 0.002608 0.376468 0.830700 0.999939 0.294653 0.999986 0.000001 0.817927 
0.000000 0.999850 0.000717 0.000000 0.938263 0.999991 0.067290 1.000000 0.165495 0.999998 
