0.000000 1.000000 0.000000 0.000000 0.000000 1.000000 1.000000 1.000000 1.000000 1.000000 
0.009156 0.014430 0.017365 0.013188 0.014558 0.014551 0.011162 0.013538 0.015350 0.013590 
0.017745 0.026864 0.028001 0.026498 0.026921 0.027755 0.027684 0.026898 0.027287 0.028974 
0.026114 0.039443 0.040974 0.041410 0.040645 0.040824 0.041954 0.040084 0.041406 0.041452 
0.034265 0.053718 0.054616 0.053576 0.053436 0.053607 0.053403 0.053898 0.053986 0.053798 
0.041483 0.064962 0.065195 0.064443 0.064610 0.065033 0.065501 0.065411 0.065328 0.065019 
0.050010 0.078375 0.077043 0.078348 0.081398 0.078493 0.078669 0.078763 0.077708 0.078366 
0.057573 0.090146 0.090930 0.090149 0.089956 0.090350 0.090398 0.090468 0.089564 0.090148 
0.065408 0.103353 0.103051 0.102406 0.101727 0.102560 0.102494 0.102285 0.102392 0.103322 
0.072384 0.113725 0.113714 0.113173 0.113178 0.113315 0.113547 0.113718 0.113525 0.113785 
0.080331 0.125698 0.125985 0.125540 0.125966 0.125817 0.125836 0.125955 0.125601 0.125909 
0.087165 0.136724 0.136539 0.136240 0.136193 0.136431 0.136472 0.136645 0.136331 0.136403 
0.095251 0.148919 0.149109 0.149107 0.148776 0.149037 0.148809 0.148901 0.148957 0.149066 
0.102451 0.160514 0.160373 0.160362 0.160205 0.160267 0.160113 0.160233 0.160285 0.159367 
0.110186 0.172201 0.172233 0.172232 0.171965 0.172793 0.172313 0.171887 0.172171 0.172294 
0.116946 0.182716 0.182514 0.182803 0.182385 0.183358 0.182458 0.182288 0.182709 0.182778 
0.124450 0.194294 0.194099 0.194528 0.193942 0.194648 0.194061 0.193835 0.194358 0.194296 
0.131262 0.204828 0.204174 0.204578 0.205233 0.205110 0.204454 0.204843 0.205021 0.203836 
0.138258 0.215144 0.215096 0.215566 0.215852 0.215641 0.214547 0.215579 0.215278 0.215823 
0.147093 0.228776 0.228741 0.229018 0.228676 0.229084 0.228981 0.229229 0.228972 0.229006 
0.150015 0.233644 0.233188 0.233451 0.233129 0.233513 0.233426 0.233667 0.233426 0.233453 
0.160381 0.249211 0.248983 0.249100 0.249315 0.249208 0.249277 0.249446 0.249134 0.249239 
0.168859 0.262191 0.261942 0.261968 0.262170 0.262010 0.262227 0.261778 0.262147 0.262244 
0.175617 0.272225 0.272432 0.272394 0.272498 0.272309 0.272161 0.272514 0.272902 0.272436 
0.183605 0.284432 0.284366 0.284405 0.284311 0.284418 0.284517 0.284671 0.284620 0.284561 
0.190388 0.294928 0.294686 0.294541 0.294609 0.294580 0.294576 0.294560 0.294297 0.294485 
0.197551 0.306506 0.305350 0.305120 0.305679 0.305264 0.305527 0.305630 0.305258 0.305522 
0.204942 0.316079 0.316500 0.316329 0.316576 0.316376 0.316321 0.316388 0.316586 0.316696 
0.212403 0.327542 0.327537 0.327469 0.327332 0.326971 0.327610 0.327344 0.327304 0.327698 
0.219317 0.337684 0.337763 0.337643 0.337671 0.337716 0.337799 0.337662 0.337682 0.337790 
0.223857 0.344398 0.344427 0.344287 0.344696 0.344428 0.344388 0.344336 0.344304 0.344443 
0.232749 0.357536 0.357508 0.357248 0.357612 0.357756 0.357713 0.357451 0.357525 0.357523 
0.241017 0.369523 0.369594 0.369285 0.369735 0.369724 0.369734 0.369560 0.369474 0.369567 
0.249394 0.381677 0.381884 0.381473 0.382002 0.381497 0.381493 0.381751 0.381657 0.381804 
0.257769 0.393807 0.394082 0.393672 0.394259 0.393973 0.394087 0.394094 0.393684 0.393970 
0.264272 0.403306 0.403434 0.403291 0.403121 0.403273 0.403204 0.403098 0.402990 0.403313 
0.272785 0.415485 0.415581 0.415523 0.415646 0.415419 0.415603 0.415298 0.415063 0.415545 
0.280280 0.426176 0.426165 0.426168 0.426367 0.426119 0.426355 0.426052 0.425778 0.426338 
0.287731 0.436772 0.436880 0.436820 0.436934 0.436733 0.436892 0.436603 0.436364 0.436824 
0.295772 0.448294 0.447309 0.448228 0.448081 0.448038 0.447929 0.448044 0.447775 0.447576 
0.304468 0.460507 0.460605 0.460223 0.460469 0.460325 0.460196 0.460351 0.460247 0.460213 
0.312485 0.471268 0.471260 0.471470 0.471248 0.471375 0.471202 0.471496 0.471391 0.471278 
0.317934 0.478910 0.478787 0.478965 0.478861 0.478932 0.478668 0.478983 0.478917 0.478837 
0.328517 0.493342 0.493451 0.493437 0.493375 0.495033 0.493376 0.493363 0.493406 0.493365 
0.335539 0.502856 0.502948 0.503003 0.502814 0.502557 0.502877 0.502877 0.502896 0.502890 
0.343349 0.513507 0.513618 0.513747 0.513465 0.513719 0.513600 0.513565 0.513672 0.513601 
0.352686 0.526074 0.526124 0.526350 0.525851 0.525903 0.526062 0.526095 0.526057 0.526135 
0.353759 0.527537 0.527589 0.527815 0.527309 0.527449 0.527527 0.527552 0.527517 0.527438 
0.368699 0.547419 0.547238 0.547371 0.547325 0.547214 0.547502 0.547179 0.547420 0.547320 
0.371642 0.551312 0.551145 0.551274 0.551244 0.551236 0.551701 0.551075 0.551331 0.551222 
0.388913 0.573775 0.573598 0.573668 0.573462 0.573696 0.573887 0.573366 0.573456 0.573819 
0.394920 0.581118 0.581291 0.581331 0.581231 0.581255 0.581561 0.581211 0.581138 0.581026 
0.398627 0.585899 0.586052 0.586087 0.585978 0.586078 0.586321 0.585981 0.585924 0.585520 
0.410921 0.601443 0.601693 0.601756 0.601580 0.601491 0.601492 0.601404 0.601097 0.601543 
0.421321 0.614448 0.614638 0.614482 0.614541 0.614438 0.614737 0.614499 0.615093 0.614544 
0.431277 0.626832 0.626853 0.626841 0.627430 0.626760 0.626538 0.627212 0.626997 0.626832 
0.440794 0.638510 0.638380 0.638247 0.638295 0.638396 0.638061 0.638667 0.638283 0.638472 
0.444813 0.643267 0.643173 0.643023 0.643192 0.643157 0.642910 0.643401 0.643013 0.643237 
0.457034 0.657727 0.657791 0.657967 0.657631 0.657799 0.658373 0.657905 0.657768 0.657923 
0.464021 0.665951 0.666033 0.665756 0.665856 0.666043 0.666059 0.666160 0.665994 0.666169 
0.476126 0.680276 0.680107 0.680189 0.680117 0.680233 0.679186 0.680381 0.680157 0.679764 
0.492893 0.699168 0.699073 0.699123 0.699296 0.699170 0.698978 0.699128 0.699184 0.699188 
0.492126 0.698281 0.698180 0.698261 0.698460 0.698324 0.698111 0.698259 0.698435 0.698313 
0.505463 0.713712 0.713702 0.713257 0.712997 0.713032 0.713188 0.713361 0.713252 0.713526 
0.518661 0.726927 0.727871 0.728033 0.727263 0.727260 0.727587 0.727520 0.727550 0.727525 
0.525447 0.734791 0.735257 0.734345 0.734782 0.734750 0.734896 0.734983 0.735092 0.734771 
0.538051 0.747902 0.748365 0.748389 0.748136 0.748170 0.748128 0.748196 0.748402 0.748069 
0.547782 0.756852 0.758140 0.758279 0.758503 0.758081 0.758165 0.758180 0.758163 0.758123 
0.559193 0.769654 0.769516 0.769738 0.769709 0.769726 0.770479 0.769766 0.769715 0.769713 
0.569153 0.778745 0.779538 0.779895 0.779666 0.779642 0.779580 0.779587 0.779669 0.779748 
0.582125 0.791940 0.792191 0.792296 0.792193 0.792141 0.791946 0.791982 0.792553 0.792282 
0.584613 0.794538 0.794439 0.794675 0.794789 0.794730 0.794530 0.794559 0.794962 0.794875 
0.598538 0.807652 0.807681 0.807714 0.807614 0.807528 0.807272 0.807235 0.807768 0.807817 
0.599367 0.808342 0.808370 0.808404 0.808306 0.808220 0.807969 0.807921 0.808781 0.808508 
0.667888 0.866928 0.867002 0.866959 0.866988 0.867011 0.866957 0.866994 0.867013 0.866979 
0.667925 0.866904 0.867030 0.866988 0.867017 0.867039 0.866986 0.867021 0.867042 0.867008 
0.667571 0.866999 0.866776 0.866737 0.866759 0.866712 0.866720 0.866732 0.866744 0.866755 
0.667925 0.866799 0.867030 0.866988 0.867017 0.867039 0.866986 0.867021 0.867042 0.867008 
0.669458 0.868126 0.868191 0.868162 0.868194 0.868200 0.868260 0.868290 0.868191 0.868193 
0.686432 0.881130 0.881072 0.881093 0.881154 0.881208 0.881490 0.880452 0.881311 0.881316 
0.704185 0.893559 0.893888 0.893755 0.893898 0.893970 0.894008 0.894081 0.893718 0.893793 
0.706003 0.897317 0.895235 0.895097 0.895246 0.895321 0.895363 0.895438 0.895055 0.895136 
0.723730 0.907101 0.907081 0.907220 0.907581 0.906985 0.907336 0.909294 0.906715 0.906763 
0.739897 0.917596 0.917653 0.917369 0.917728 0.917963 0.917364 0.917599 0.917551 0.917897 
0.748018 0.922441 0.922501 0.922223 0.922593 0.922846 0.922214 0.922435 0.922444 0.922644 
0.767324 0.933976 0.934913 0.933329 0.933954 0.934672 0.933865 0.934644 0.934033 0.934077 
0.786892 0.944085 0.944748 0.943483 0.944435 0.944863 0.944571 0.944580 0.944049 0.944572 
0.792896 0.946822 0.947426 0.946275 0.947555 0.947595 0.947236 0.947259 0.946760 0.947015 
0.808127 0.955529 0.954818 0.954799 0.955067 0.955541 0.954594 0.954829 0.954817 0.954007 
0.825359 0.962831 0.963240 0.961634 0.962656 0.962940 0.962509 0.962890 0.962876 0.962088 
0.839151 0.968279 0.968375 0.968144 0.968628 0.969041 0.968104 0.968194 0.968736 0.967564 
0.865810 0.977602 0.977835 0.977782 0.977871 0.978145 0.977626 0.977819 0.977894 0.977434 
0.873817 0.980138 0.980429 0.980433 0.980465 0.980579 0.979929 0.980439 0.980098 0.980024 
0.888648 0.984211 0.984720 0.984673 0.984584 0.984672 0.984188 0.984002 0.984822 0.984920 
0.907568 0.989159 0.989574 0.989473 0.989355 0.989827 0.989323 0.989467 0.989117 0.989021 
0.923701 0.993044 0.992530 0.992896 0.992190 0.993265 0.992985 0.992843 0.992573 0.993228 
0.942347 0.995883 0.995921 0.995849 0.995304 0.996332 0.995934 0.995399 0.995728 0.995536 
0.961318 0.998657 0.998221 0.997722 0.998246 0.998147 0.998026 0.998463 0.997919 0.998176 
0.980109 0.999503 0.999473 0.999726 0.999857 0.999661 0.999658 0.999536 0.999502 0.999380 
1.000000 1.000000 1.000000 0.000000 0.000000 1.000000 1.000000 1.000000 1.000000 1.000000 
