0.000000 1.000000 0.000000 0.000000 0.000000 1.000000 1.000000 1.000000 1.000000 0.999996 
0.009156 0.014430 0.009048 0.013188 0.014068 0.014551 0.011162 0.013538 0.015350 0.011409 
0.017570 0.029157 0.027780 0.026227 0.021002 0.027917 0.028075 0.027349 0.027765 0.028583 
0.026089 0.039105 0.039266 0.041372 0.040607 0.042916 0.041920 0.039497 0.041368 0.041415 
0.034111 0.053879 0.054366 0.052811 0.053200 0.053753 0.053962 0.053654 0.053752 0.053566 
0.041446 0.064907 0.064218 0.064380 0.066579 0.065169 0.065432 0.065352 0.065270 0.064957 
0.049653 0.077185 0.075204 0.079328 0.077367 0.078600 0.078231 0.078084 0.078870 0.077834 
0.057776 0.091563 0.091244 0.090467 0.092083 0.090667 0.090713 0.090778 0.089895 0.091535 
0.064894 0.104249 0.101894 0.101148 0.101504 0.100945 0.101786 0.101103 0.101553 0.102439 
0.073046 0.113703 0.114581 0.114180 0.114275 0.113813 0.114346 0.114921 0.114257 0.115198 
0.079969 0.125184 0.125777 0.125399 0.125520 0.125216 0.125467 0.128035 0.125477 0.125994 
0.087165 0.136724 0.136539 0.136240 0.136193 0.136431 0.136344 0.136645 0.136331 0.136403 
0.095335 0.149370 0.149114 0.148015 0.149207 0.149479 0.149105 0.149289 0.149127 0.148753 
0.101876 0.159664 0.159492 0.159463 0.159326 0.159371 0.158789 0.159342 0.159167 0.158412 
0.109252 0.171053 0.170869 0.171002 0.170572 0.170861 0.170174 0.170808 0.170818 0.169597 
0.116604 0.182358 0.182166 0.181588 0.182017 0.181806 0.181677 0.181843 0.182251 0.181473 
0.124705 0.194687 0.194492 0.194926 0.194336 0.195638 0.194050 0.194226 0.194754 0.193570 
0.131882 0.205772 0.205122 0.206231 0.206109 0.206050 0.205396 0.205787 0.205957 0.204787 
0.138039 0.215249 0.214786 0.215299 0.215692 0.215192 0.214432 0.215323 0.214208 0.214652 
0.146424 0.228157 0.227949 0.227648 0.228743 0.227643 0.226739 0.228310 0.227097 0.228086 
0.154148 0.239650 0.239582 0.239733 0.239997 0.239777 0.238307 0.238899 0.239815 0.239412 
0.158493 0.246262 0.246305 0.246273 0.246593 0.246358 0.247477 0.246343 0.246423 0.246169 
0.167756 0.260403 0.260494 0.260405 0.259293 0.260310 0.259175 0.260635 0.260524 0.260547 
0.175621 0.272232 0.272439 0.272401 0.272505 0.272315 0.271018 0.272521 0.272909 0.272443 
0.181669 0.281435 0.281352 0.281495 0.281370 0.281503 0.280721 0.281782 0.281177 0.281641 
0.190696 0.295081 0.294894 0.295504 0.295028 0.294923 0.293723 0.294912 0.295140 0.295486 
0.197890 0.305461 0.305864 0.305597 0.306211 0.305765 0.306151 0.306182 0.305341 0.306024 
0.205223 0.316449 0.316925 0.316755 0.317315 0.316800 0.316732 0.316800 0.316380 0.317120 
0.213498 0.329194 0.329214 0.329150 0.329867 0.330167 0.329306 0.329019 0.328964 0.329403 
0.220008 0.338724 0.338767 0.338632 0.339017 0.338599 0.338783 0.338571 0.338535 0.338888 
0.221156 0.340389 0.340451 0.340314 0.340694 0.341126 0.340446 0.340270 0.340202 0.340562 
0.235070 0.360238 0.360886 0.360892 0.360916 0.360931 0.360482 0.360340 0.360104 0.360855 
0.241638 0.370240 0.370566 0.370251 0.370682 0.370706 0.370319 0.370071 0.369899 0.370352 
0.249394 0.381677 0.381884 0.381473 0.382002 0.381497 0.381493 0.381751 0.381657 0.381804 
0.257266 0.393081 0.393375 0.393011 0.393545 0.393254 0.393369 0.393378 0.392955 0.393251 
0.264265 0.403297 0.403425 0.403425 0.403472 0.403264 0.403195 0.403089 0.402890 0.403304 
0.268775 0.409823 0.409767 0.409889 0.410043 0.409800 0.409872 0.409660 0.409376 0.409842 
0.280725 0.426843 0.426806 0.426798 0.426991 0.426746 0.427166 0.426675 0.426407 0.426952 
0.284654 0.432591 0.431871 0.433051 0.432407 0.432376 0.432465 0.432370 0.432669 0.432388 
0.293439 0.445094 0.445211 0.444644 0.444869 0.444842 0.444702 0.444818 0.444529 0.445611 
0.303560 0.459244 0.459255 0.458965 0.459191 0.459048 0.458922 0.459070 0.458848 0.459007 
0.313057 0.472049 0.472045 0.472253 0.472019 0.472157 0.471984 0.472271 0.472168 0.472058 
0.319821 0.481479 0.481374 0.481548 0.481110 0.481474 0.481263 0.481551 0.481498 0.481418 
0.328116 0.494278 0.492854 0.493115 0.492999 0.492883 0.492894 0.492911 0.492884 0.493519 
0.334959 0.501923 0.502179 0.502092 0.501931 0.502424 0.502637 0.502034 0.502124 0.502043 
0.343725 0.513800 0.514066 0.514040 0.513941 0.514373 0.514416 0.513976 0.514067 0.514785 
0.352570 0.525992 0.526253 0.526325 0.525739 0.526141 0.525922 0.525724 0.525869 0.525885 
0.354385 0.528470 0.528743 0.528809 0.528207 0.528621 0.528400 0.528229 0.528336 0.528357 
0.370213 0.549060 0.549271 0.549400 0.549370 0.548929 0.550009 0.549204 0.549521 0.549357 
0.372726 0.552463 0.552677 0.552829 0.552790 0.552335 0.553037 0.552621 0.552473 0.552753 
0.388596 0.573062 0.573283 0.573360 0.573145 0.573384 0.573595 0.573042 0.573138 0.572600 
0.396329 0.582875 0.583054 0.583088 0.582955 0.583071 0.583322 0.582934 0.582909 0.582475 
0.406162 0.595612 0.595744 0.595550 0.595110 0.595722 0.595765 0.595447 0.595088 0.595824 
0.414245 0.605600 0.605896 0.605495 0.605772 0.605661 0.605607 0.605545 0.605218 0.605768 
0.421857 0.615097 0.615285 0.614943 0.615243 0.615089 0.614974 0.615149 0.615541 0.615195 
0.433600 0.629600 0.629632 0.629739 0.629690 0.629529 0.629266 0.629960 0.629352 0.629604 
0.440299 0.637907 0.637846 0.637645 0.637968 0.637789 0.637871 0.638410 0.637705 0.637854 
0.440678 0.638374 0.638314 0.638110 0.638321 0.638257 0.637911 0.638530 0.638102 0.638332 
0.457488 0.658268 0.658332 0.658082 0.658167 0.658181 0.657525 0.658447 0.658308 0.658466 
0.466352 0.668758 0.668888 0.668613 0.668563 0.668688 0.667867 0.668949 0.668594 0.668792 
0.468003 0.670718 0.670858 0.670573 0.670512 0.670650 0.671074 0.670908 0.670560 0.671025 
0.493787 0.699652 0.700136 0.701322 0.700014 0.700169 0.699618 0.700679 0.700496 0.700213 
0.497130 0.703360 0.703891 0.704910 0.703677 0.703852 0.704210 0.704149 0.704146 0.703876 
0.506619 0.713309 0.715017 0.714830 0.714123 0.714160 0.714320 0.714472 0.714385 0.714652 
0.518455 0.726690 0.727650 0.727840 0.727037 0.727034 0.727109 0.727295 0.727323 0.727252 
0.528334 0.737859 0.738194 0.738350 0.737815 0.737780 0.737784 0.737997 0.738122 0.737769 
0.539403 0.749145 0.749723 0.749763 0.749479 0.749547 0.749523 0.749583 0.749758 0.749465 
0.547306 0.756387 0.757652 0.757791 0.757996 0.757850 0.757666 0.757686 0.757673 0.757625 
0.558582 0.767710 0.768890 0.769109 0.769091 0.769089 0.769811 0.769131 0.769082 0.769167 
0.568610 0.778187 0.778982 0.779337 0.779103 0.779078 0.779060 0.779027 0.779336 0.779186 
0.584703 0.794627 0.794869 0.794947 0.794878 0.794819 0.794493 0.794647 0.795235 0.794964 
0.585243 0.795179 0.795407 0.795941 0.795411 0.795353 0.795025 0.795181 0.795778 0.795504 
0.599502 0.808465 0.808493 0.807551 0.808429 0.808343 0.808094 0.808045 0.808903 0.808630 
0.667970 0.866986 0.867062 0.867029 0.867049 0.867060 0.867108 0.867224 0.867030 0.867043 
0.667910 0.867295 0.867019 0.866981 0.867006 0.867034 0.867065 0.866956 0.866985 0.866997 
0.667920 0.867257 0.867026 0.866989 0.866875 0.867062 0.867072 0.866986 0.866992 0.867004 
0.667831 0.867197 0.866950 0.866920 0.866946 0.866858 0.867009 0.867114 0.866923 0.866933 
0.668001 0.866939 0.867087 0.867053 0.867072 0.867303 0.867130 0.867248 0.867054 0.867067 
0.671233 0.869938 0.869548 0.869474 0.869615 0.869380 0.869559 0.869593 0.869437 0.869487 
0.687101 0.881448 0.881421 0.881445 0.881387 0.880863 0.881869 0.880797 0.881368 0.881675 
0.695622 0.887572 0.887816 0.887868 0.887773 0.887003 0.888442 0.886942 0.887755 0.888192 
0.709216 0.897262 0.897543 0.897904 0.898291 0.897356 0.898131 0.894941 0.896956 0.897413 
0.721223 0.905663 0.906191 0.906499 0.907630 0.906450 0.905630 0.908083 0.905327 0.905870 
0.738728 0.917738 0.916983 0.916723 0.917067 0.917298 0.916692 0.916932 0.917264 0.916487 
0.744740 0.920835 0.920857 0.920145 0.920519 0.920845 0.920223 0.920557 0.920716 0.920077 
0.768001 0.932916 0.935078 0.933574 0.934178 0.934934 0.934119 0.934850 0.934284 0.934217 
0.778565 0.938577 0.939122 0.939190 0.940399 0.940502 0.939574 0.940382 0.939748 0.938745 
0.795322 0.947879 0.948763 0.948220 0.949358 0.949771 0.948628 0.949616 0.948776 0.949602 
0.810203 0.954929 0.956270 0.954800 0.955979 0.956465 0.955541 0.955742 0.955776 0.954372 
0.824987 0.962698 0.963107 0.961489 0.962519 0.962803 0.962372 0.961984 0.962744 0.961950 
0.839231 0.968036 0.968946 0.967925 0.968591 0.968819 0.967890 0.967984 0.967747 0.967376 
0.866670 0.978105 0.977181 0.978438 0.978568 0.978615 0.978211 0.978455 0.978122 0.978130 
0.874072 0.980307 0.980597 0.980599 0.980637 0.980915 0.980403 0.980604 0.980273 0.980184 
0.889697 0.984565 0.985101 0.984920 0.986077 0.985026 0.984635 0.984368 0.985178 0.985279 
0.906639 0.989610 0.991803 0.989075 0.988915 0.989397 0.988693 0.989453 0.989067 0.989504 
0.923701 0.993044 0.992530 0.992896 0.992190 0.993265 0.992985 0.992843 0.992573 0.993228 
0.942325 0.995872 0.995909 0.995836 0.995285 0.997459 0.995923 0.995190 0.995455 0.995523 
0.960855 0.998589 0.998165 0.997676 0.998173 0.998056 0.997975 0.998383 0.998871 0.998111 
0.980114 0.999674 0.999474 0.999727 0.999857 0.999662 0.999659 0.999537 0.999502 0.999732 
1.000000 1.000000 1.000000 0.000000 0.000000 1.000000 1.000000 1.000000 1.000000 1.000000 
