1.000000 1.000000 1.000000 0.000000 1.000000 1.000000 0.000000 1.000000 0.000000 0.000000 
1.000000 1.000000 1.000000 0.000000 1.000000 1.000000 0.000000 1.000000 0.000000 0.000000 
1.000000 1.000000 1.000000 0.000000 1.000000 1.000000 0.000000 1.000000 0.000000 0.000000 
1.000000 1.000000 1.000000 0.000000 1.000000 1.000000 0.000000 1.000000 0.000000 0.000000 
1.000000 1.000000 1.000000 0.000000 1.000000 1.000000 0.000000 1.000000 0.000000 0.000000 
1.000000 1.000000 1.000000 0.000000 1.000000 1.000000 0.000000 1.000000 0.000000 0.000000 
0.959051 0.997730 0.997979 0.000163 0.998214 0.000000 0.000002 0.997700 0.000005 0.000001 
0.957519 0.997542 0.997735 0.000022 0.998067 0.000001 0.000000 0.997673 0.000003 0.000001 
0.957480 0.997538 0.997729 0.000031 0.998063 0.000001 0.000000 0.997672 0.000001 0.000001 
0.956910 0.997468 0.997638 0.000157 0.998008 0.000001 0.000001 0.997657 0.000009 0.000000 
0.957135 0.997495 0.997674 0.000140 0.998030 0.000001 0.000001 0.997663 0.000007 0.000000 
0.957318 0.997518 0.997703 0.000120 0.998048 0.000001 0.000000 0.997668 0.000005 0.000000 
0.958264 0.997633 0.997854 0.000001 0.998139 0.000001 0.000000 0.997693 0.000001 0.000001 
0.957686 0.997563 0.997762 0.000065 0.998083 0.000001 0.000001 0.997671 0.000010 0.000000 
0.957753 0.997571 0.997772 0.000056 0.998089 0.000001 0.000002 0.997672 0.000010 0.000000 
0.956899 0.997467 0.997636 0.000430 0.998007 0.000000 0.000001 0.997653 0.000003 0.000000 
0.956176 0.997378 0.997521 0.000519 0.997938 0.000000 0.000000 0.997638 0.000017 0.000000 
0.870517 0.001582 0.000002 0.964950 0.003093 0.978331 0.000321 0.983502 0.982769 0.984728 
0.859611 0.001510 0.008394 0.975693 0.028922 0.970040 0.003577 0.975160 0.974358 0.976241 
0.857424 0.001510 0.000949 0.975693 0.000153 0.970040 0.000783 0.975160 0.974358 0.976241 
0.857424 0.001510 0.000656 0.975693 0.000494 0.970040 0.000848 0.975160 0.974358 0.976241 
0.857424 0.001510 0.000907 0.975693 0.001579 0.970040 0.000792 0.975160 0.974358 0.976241 
0.857424 0.001510 0.000005 0.975693 0.003495 0.970040 0.000367 0.975160 0.974358 0.976241 
0.857424 0.000893 0.002668 0.975693 0.001246 0.970040 0.000815 0.975160 0.974358 0.976241 
0.857424 0.001510 0.001648 0.975693 0.002853 0.970040 0.001045 0.975160 0.974358 0.976241 
0.857424 0.001510 0.000023 0.975693 0.004675 0.970040 0.001032 0.975160 0.974358 0.976241 
0.857424 0.001510 0.001170 0.975693 0.006217 0.970040 0.000848 0.975160 0.974358 0.976241 
0.857000 0.000030 0.000980 0.976041 0.000058 0.969771 0.000798 0.974890 0.974086 0.975966 
0.761501 0.000058 0.000084 0.006493 0.932154 0.000045 0.000100 0.000271 0.926027 0.000051 
0.751927 0.000094 0.000351 0.001140 0.925834 0.000002 0.000021 0.000418 0.920973 0.000102 
0.739025 0.000018 0.000126 0.002519 0.917341 0.000055 0.000270 0.000486 0.914147 0.000169 
0.730900 0.000104 0.000938 0.001083 0.911986 0.000058 0.000331 0.000564 0.909852 0.000211 
0.717011 0.000390 0.000062 0.000084 0.902711 0.000176 0.000009 0.000431 0.902587 0.000289 
0.715559 0.000416 0.000001 0.000012 0.901740 0.000056 0.000076 0.000608 0.901827 0.000094 
0.715559 0.000416 0.000001 0.000012 0.901740 0.000056 0.000076 0.001325 0.901827 0.000094 
0.715190 0.000080 0.000001 0.000037 0.901493 0.000056 0.000064 0.001294 0.901635 0.000081 
0.714887 0.000427 0.000005 0.000031 0.901290 0.000056 0.000054 0.001268 0.901476 0.000071 
0.662100 0.103348 0.000014 0.005332 0.000055 0.000004 0.000327 0.866651 0.869050 0.860468 
0.647787 0.083365 0.000653 0.004307 0.000195 0.000019 0.000264 0.854083 0.855399 0.848578 
0.610628 0.021684 0.816845 0.000016 0.007631 0.821750 0.000000 0.827162 0.825777 0.824876 
0.591575 0.000068 0.817308 0.000031 0.000619 0.800719 0.001445 0.804666 0.802400 0.802890 
0.593623 0.000064 0.819895 0.000029 0.011582 0.802979 0.001295 0.807084 0.804915 0.805253 
0.595637 0.000043 0.001002 0.000038 0.009988 0.805221 0.001898 0.809527 0.807661 0.807583 
0.588053 0.000106 0.000115 0.000009 0.001785 0.796632 0.000000 0.800558 0.797605 0.798832 
0.587360 0.000047 0.000028 0.000002 0.000164 0.795417 0.000000 0.799801 0.796778 0.798038 
0.587501 0.000047 0.000125 0.000003 0.001769 0.795595 0.000000 0.799965 0.796967 0.798201 
0.589282 0.000111 0.000042 0.000005 0.006325 0.798130 0.000000 0.801792 0.798978 0.800230 
0.587501 0.000047 0.000125 0.000003 0.004179 0.795595 0.000000 0.799965 0.796967 0.798201 
0.589319 0.000111 0.000115 0.000005 0.014242 0.798172 0.000000 0.801838 0.799032 0.800273 
0.584051 0.000094 0.000136 0.000003 0.012371 0.791686 0.000000 0.796432 0.793057 0.794271 
0.375063 0.540598 0.560057 0.555395 0.557136 0.554593 0.557463 0.556550 0.555933 0.554228 
0.374304 0.540648 0.559437 0.555838 0.557446 0.554507 0.557320 0.556384 0.555380 0.554099 
0.374502 0.540492 0.561360 0.554463 0.556483 0.559320 0.557763 0.556898 0.553211 0.554498 
0.373609 0.559588 0.551041 0.562808 0.561783 0.552163 0.554158 0.554466 0.548898 0.552695 
0.373656 0.542093 0.550686 0.563533 0.562027 0.551540 0.553668 0.554528 0.553256 0.552785 
0.373512 0.541267 0.551772 0.561317 0.561282 0.553444 0.555554 0.554339 0.548547 0.552511 
0.373706 0.542395 0.550277 0.564350 0.550033 0.550846 0.552721 0.554593 0.549258 0.552882 
0.373109 0.541592 0.549411 0.563544 0.561439 0.552930 0.554790 0.553762 0.548605 0.552077 
0.373154 0.541549 0.564723 0.555543 0.561392 0.553042 0.555185 0.553722 0.548420 0.552034 
0.373737 0.541058 0.565858 0.552420 0.566374 0.553995 0.556404 0.554320 0.553616 0.552678 
0.373718 0.541076 0.564640 0.553190 0.565934 0.553947 0.556331 0.554322 0.550947 0.552664 
0.244200 0.349950 0.361428 0.394976 0.371717 0.374040 0.997052 0.373215 0.383676 0.376756 
0.244429 0.370151 0.361786 0.387292 0.371144 0.347910 0.996929 0.373619 0.385757 0.377131 
0.244155 0.350618 0.361358 0.382031 0.371828 0.396947 0.997160 0.373136 0.383269 0.376682 
0.242975 0.368191 0.359507 0.380880 0.374748 0.999939 0.999980 0.371047 0.372555 0.374747 
0.242971 0.368181 0.359510 0.380864 0.374780 0.999873 0.999980 0.371048 0.372531 0.374745 
0.243686 0.369443 0.361961 0.375151 0.380186 0.998791 0.962423 0.373095 0.371767 0.373517 
0.243673 0.369403 0.357845 0.374789 0.380624 0.998751 0.961105 0.373153 0.371486 0.373436 
0.244425 0.370163 0.363069 0.387279 0.371101 0.999954 0.425296 0.373425 0.385689 0.377096 
0.243571 0.369074 0.357348 0.371754 0.384286 0.998418 0.993651 0.373633 0.369132 0.372760 
0.243269 0.368586 0.360238 0.382177 0.374027 0.999889 0.966926 0.371534 0.375223 0.375226 
0.241446 0.369500 0.357790 0.374766 0.380526 0.998730 0.960246 0.373191 0.371636 0.373425 
0.128589 0.199968 0.202089 0.999750 0.999978 0.976099 0.199849 0.201768 0.208533 0.198023 
0.128589 0.199968 0.202089 0.999929 0.999978 0.974743 0.199849 0.201768 0.208534 0.197952 
0.128589 0.199967 0.202092 0.999757 0.999977 0.999992 0.199871 0.201767 0.209318 0.188293 
0.128589 0.199968 0.202090 0.999756 0.999978 0.982721 0.191036 0.201768 0.208542 0.203158 
0.128589 0.199968 0.202089 0.999750 0.999978 0.924319 0.199849 0.201768 0.208567 0.195278 
0.128589 0.199967 0.202093 0.999773 0.999978 0.999992 0.199849 0.201767 0.208567 0.216550 
0.128581 0.200018 0.201922 0.999545 0.999989 0.999969 0.199855 0.201818 0.200495 0.999950 
0.128589 0.933232 0.202089 0.999750 0.201444 0.924319 0.199849 0.201768 0.208567 0.195278 
0.128588 0.199970 0.202084 0.999724 0.999979 0.999999 0.199849 0.201770 0.198602 0.999437 
0.128588 0.199971 0.202524 0.999690 0.999977 0.999999 0.199887 0.201771 0.198659 0.999413 
0.128590 0.199961 0.202114 0.999999 0.999990 0.999999 0.199545 0.201760 0.198147 0.999629 
0.039645 0.060280 0.054440 0.060563 0.976675 0.065404 0.984230 0.061327 0.064560 0.060705 
0.039906 0.064583 0.052463 0.060305 0.055061 0.965837 0.998285 0.061385 0.068696 0.060916 
0.039645 0.039506 0.054440 0.060563 0.999479 0.065404 0.984230 0.061327 0.064560 0.060705 
0.039913 0.061857 0.052403 0.061139 0.999972 0.999639 0.988455 0.061824 0.070096 0.060922 
0.039645 0.039506 0.054440 0.060563 0.976675 0.065404 0.984230 0.061327 0.064560 0.060705 
0.039913 0.063898 0.052402 0.061208 0.999936 0.981054 0.987774 0.061680 0.069686 0.060922 
0.039913 0.067930 0.052403 0.061130 0.999873 0.998530 0.988492 0.061820 0.067131 0.060922 
0.039913 0.067930 0.052399 0.061405 0.999864 0.998881 0.997508 0.061225 0.068391 0.060923 
0.039905 0.064188 0.052470 0.060218 0.999898 0.961895 0.999480 0.061385 0.068678 0.060915 
0.039913 0.067930 0.052403 0.061130 0.999873 0.998529 0.988485 0.061820 0.068850 0.060922 
0.039913 0.067908 0.052401 0.061325 0.999866 0.999781 0.986668 0.061391 0.068862 0.060923 
0.000000 0.976946 0.001457 0.000042 1.000000 0.999440 0.043159 0.866746 0.000001 0.998874 
0.000000 0.999190 0.007015 0.000007 0.856621 0.999845 0.255755 0.999988 0.000001 0.999591 
0.000000 0.996014 0.001906 0.000001 0.847730 0.999961 0.198022 0.999998 0.000000 0.999945 
0.000000 0.976946 0.001457 0.000042 1.000000 0.999440 0.043159 0.866746 0.635675 0.998874 
0.000000 0.999044 0.002608 0.376468 0.830700 0.999939 0.294653 0.999986 0.000001 0.817927 
0.000000 0.999850 0.000717 0.000000 0.938263 0.999991 0.067290 1.000000 0.165495 0.999998 
