0.000000 0.340371 0.000302 0.359724 0.998351 0.996523 0.067359 0.959547 0.586718 0.999863 
0.000000 0.000798 0.002431 0.000185 0.999871 0.992573 0.342525 0.017215 0.999966 0.999991 
0.000000 0.582007 0.000087 0.615053 0.997423 0.998949 0.031677 0.993794 0.266220 0.999946 
0.000000 0.003748 0.001000 0.000032 0.999967 0.999909 0.873899 0.003325 0.999990 0.999999 
0.000000 0.000785 0.001200 0.000183 0.999867 0.991773 0.342787 0.016985 0.999967 0.981167 
0.000000 0.000798 0.022245 0.000185 0.999871 0.992573 0.342525 0.017215 0.999966 0.999991 
0.062435 0.097814 0.097998 0.098247 0.097661 0.098305 0.098288 0.097823 0.098121 0.097423 
0.073781 0.115833 0.115746 0.115599 0.115581 0.115746 0.115629 0.115511 0.115706 0.116081 
0.086397 0.135112 0.135184 0.135298 0.135266 0.135268 0.135041 0.135368 0.135520 0.135470 
0.098467 0.153555 0.153779 0.154143 0.154098 0.153944 0.153994 0.154365 0.154474 0.153808 
0.105938 0.165181 0.165411 0.165750 0.165705 0.165575 0.165615 0.165589 0.166096 0.165417 
0.119245 0.185647 0.185908 0.186208 0.186234 0.186091 0.186009 0.186303 0.187146 0.185838 
0.135401 0.210668 0.210831 0.211563 0.211492 0.211129 0.210843 0.210863 0.211291 0.210782 
0.145979 0.226873 0.227013 0.227659 0.227603 0.227370 0.226952 0.226923 0.227177 0.227027 
0.158797 0.246681 0.246816 0.248141 0.247808 0.247301 0.246841 0.246820 0.247258 0.246843 
0.169679 0.263470 0.263551 0.263588 0.264169 0.263940 0.263540 0.263507 0.263094 0.263405 
0.175423 0.271778 0.272193 0.272360 0.272629 0.272442 0.271849 0.271889 0.271470 0.271796 
0.198992 0.307798 0.307960 0.308198 0.307600 0.307385 0.307250 0.306608 0.307929 0.307986 
0.211735 0.326363 0.326498 0.326476 0.327077 0.326073 0.326320 0.326561 0.326627 0.326368 
0.216353 0.333171 0.333313 0.333318 0.333622 0.332972 0.333123 0.333404 0.333377 0.333135 
0.233199 0.357848 0.357812 0.358138 0.357961 0.358080 0.357616 0.358028 0.357627 0.357433 
0.250615 0.383226 0.383410 0.383536 0.384063 0.383678 0.383138 0.383704 0.383004 0.382886 
0.262559 0.400563 0.400420 0.400804 0.400512 0.400929 0.401391 0.400659 0.401001 0.400608 
0.280674 0.426615 0.426560 0.426752 0.426567 0.426722 0.426902 0.426767 0.426659 0.426476 
0.291772 0.442384 0.442573 0.442702 0.442529 0.442523 0.442530 0.442834 0.442235 0.442323 
0.293307 0.444608 0.444798 0.444699 0.444752 0.444539 0.444759 0.444946 0.444554 0.444545 
0.293328 0.444638 0.444828 0.444726 0.444782 0.444566 0.444789 0.444975 0.444482 0.444575 
0.297426 0.450572 0.450766 0.450903 0.450689 0.450511 0.450733 0.450392 0.450395 0.450507 
0.347405 0.519217 0.517833 0.519009 0.519755 0.518721 0.520092 0.519828 0.519005 0.520183 
0.359903 0.535668 0.534472 0.534972 0.535765 0.535553 0.535824 0.535809 0.535184 0.535831 
0.372322 0.552500 0.552051 0.551962 0.551923 0.552099 0.551379 0.552354 0.551701 0.551438 
0.380252 0.562584 0.562160 0.562095 0.562105 0.562264 0.561685 0.562046 0.562711 0.561706 
0.401239 0.589552 0.589802 0.589079 0.589249 0.589411 0.589109 0.589341 0.588843 0.588861 
0.412366 0.603329 0.603162 0.604663 0.603312 0.603151 0.603788 0.603218 0.603253 0.603218 
0.426124 0.619814 0.619699 0.620088 0.620841 0.620206 0.620010 0.620510 0.620421 0.621167 
0.439147 0.636586 0.636598 0.636411 0.636408 0.636807 0.636513 0.636789 0.636238 0.636278 
0.453285 0.653241 0.653333 0.653718 0.653752 0.653783 0.653113 0.654065 0.653357 0.653133 
0.466947 0.669458 0.669964 0.669423 0.669947 0.670169 0.668744 0.669583 0.669483 0.668670 
0.477873 0.681578 0.681621 0.681985 0.682010 0.682284 0.681980 0.682548 0.682073 0.681868 
0.491975 0.698131 0.697942 0.698603 0.698186 0.698672 0.698097 0.698424 0.698237 0.698164 
0.505126 0.712920 0.712584 0.714304 0.712798 0.712658 0.712710 0.712723 0.712869 0.712595 
0.517513 0.726872 0.726310 0.726201 0.725604 0.726379 0.726206 0.726197 0.726200 0.726190 
0.528121 0.737179 0.737939 0.736764 0.737658 0.737506 0.737520 0.737473 0.737629 0.737610 
0.542336 0.753088 0.753183 0.753782 0.752331 0.752802 0.752431 0.752800 0.752653 0.752789 
0.558561 0.769404 0.769873 0.768921 0.769573 0.768847 0.768669 0.768903 0.769064 0.769109 
0.564300 0.774514 0.774397 0.774541 0.774519 0.774857 0.774687 0.774170 0.775136 0.774876 
0.577669 0.788063 0.788398 0.787885 0.787386 0.787302 0.788010 0.788271 0.788559 0.787672 
0.590423 0.800020 0.801390 0.800041 0.799195 0.800745 0.799838 0.799086 0.800105 0.800461 
0.601300 0.810155 0.812286 0.810100 0.809507 0.810479 0.809719 0.811291 0.810031 0.810675 
0.613620 0.821274 0.822675 0.821239 0.821563 0.821574 0.821078 0.820514 0.820639 0.821741 
0.624505 0.830169 0.831376 0.830640 0.831270 0.830959 0.830383 0.831078 0.830457 0.832327 
0.635840 0.840588 0.841094 0.841036 0.841321 0.840798 0.840453 0.840760 0.840785 0.841694 
0.645017 0.848615 0.848621 0.848182 0.848583 0.849012 0.848392 0.848226 0.848279 0.848785 
0.656493 0.858144 0.857587 0.858587 0.857860 0.857643 0.857780 0.857817 0.858024 0.857913 
0.666686 0.866029 0.865732 0.865348 0.865208 0.865743 0.866048 0.865993 0.866346 0.865810 
0.679604 0.875700 0.876088 0.875571 0.876582 0.875715 0.875777 0.876083 0.876043 0.875456 
0.687887 0.882010 0.882261 0.881698 0.882213 0.882185 0.882232 0.882419 0.882480 0.881748 
0.697992 0.889377 0.889949 0.889444 0.889723 0.889776 0.890019 0.890058 0.889622 0.889295 
0.706852 0.895324 0.895406 0.895043 0.895905 0.895440 0.895814 0.895909 0.895587 0.894969 
0.715842 0.902098 0.902195 0.902235 0.902740 0.902162 0.902677 0.901616 0.902453 0.901662 
0.726469 0.909299 0.909607 0.909353 0.908561 0.908704 0.909247 0.909105 0.909958 0.908504 
0.735370 0.914855 0.914890 0.915766 0.915021 0.914430 0.914064 0.915151 0.914688 0.914715 
0.745228 0.920927 0.920920 0.920894 0.921158 0.920920 0.920893 0.921455 0.920617 0.921099 
0.755839 0.927369 0.927412 0.927454 0.927248 0.927561 0.926715 0.927537 0.927777 0.927225 
0.763350 0.931509 0.930853 0.931390 0.931372 0.931288 0.931404 0.932215 0.931704 0.931705 
0.772017 0.936534 0.935884 0.936308 0.936422 0.936388 0.936121 0.936580 0.936524 0.937162 
0.780622 0.941409 0.940390 0.941017 0.941302 0.941083 0.941125 0.941390 0.941176 0.941787 
0.789774 0.946185 0.945747 0.945957 0.946081 0.945999 0.945842 0.946020 0.946037 0.945753 
0.797657 0.949902 0.948831 0.949423 0.949802 0.949381 0.949559 0.949445 0.949736 0.949715 
0.806362 0.954424 0.953545 0.954195 0.954498 0.954645 0.954092 0.953746 0.954418 0.953900 
0.813873 0.957985 0.957318 0.956986 0.957900 0.958909 0.957632 0.957405 0.957783 0.957533 
0.822011 0.961289 0.961476 0.961278 0.961203 0.959757 0.960952 0.960709 0.961078 0.961337 
0.831177 0.965253 0.965316 0.965254 0.965534 0.965403 0.965093 0.964723 0.964969 0.965724 
0.837843 0.967602 0.967660 0.967549 0.967820 0.967533 0.967104 0.967098 0.967351 0.968028 
0.845963 0.971507 0.970874 0.970343 0.970714 0.971014 0.971069 0.970532 0.970642 0.970812 
0.852677 0.973615 0.973765 0.972847 0.973824 0.973517 0.973217 0.972830 0.973296 0.973191 
0.861032 0.976306 0.976167 0.975604 0.976348 0.976285 0.975924 0.975955 0.976278 0.975919 
0.868523 0.979016 0.978458 0.978979 0.979358 0.978591 0.978714 0.978735 0.978749 0.978913 
0.874468 0.980666 0.980335 0.980632 0.979423 0.981109 0.980675 0.980319 0.980998 0.980779 
0.881621 0.982561 0.983062 0.982625 0.982839 0.983018 0.983260 0.982696 0.982999 0.983161 
0.888475 0.984578 0.984851 0.984227 0.984771 0.984782 0.984709 0.984313 0.984935 0.985044 
0.895133 0.986067 0.986395 0.986310 0.985229 0.987088 0.986773 0.986302 0.986466 0.986767 
0.902220 0.987588 0.987743 0.988303 0.987856 0.988204 0.988464 0.988258 0.988465 0.988757 
0.909268 0.990069 0.988635 0.990303 0.989662 0.990628 0.990721 0.989450 0.989731 0.990228 
0.914878 0.991231 0.989566 0.991172 0.990566 0.991164 0.991505 0.991046 0.990648 0.991148 
0.921117 0.992515 0.991825 0.992282 0.991879 0.992062 0.992577 0.992313 0.991947 0.992165 
0.927303 0.994161 0.993333 0.993388 0.993163 0.993206 0.993648 0.993510 0.993244 0.993168 
0.934108 0.994236 0.995457 0.994435 0.994443 0.994631 0.994570 0.994385 0.994709 0.994449 
0.939631 0.995375 0.994900 0.995277 0.995350 0.995695 0.995312 0.995211 0.995776 0.995437 
0.945589 0.996114 0.996021 0.996137 0.995874 0.996542 0.996071 0.995983 0.996560 0.996365 
0.951556 0.997398 0.997172 0.997434 0.997226 0.996834 0.997130 0.997123 0.997133 0.997624 
0.957238 0.997882 0.997791 0.998106 0.997785 0.998989 0.997761 0.997731 0.997850 0.997991 
0.962812 0.998294 0.998320 0.998691 0.998528 0.998804 0.998313 0.998261 0.998252 0.998288 
0.968449 0.998649 0.998637 0.998947 0.998819 0.999336 0.998629 0.998902 0.999991 0.999648 
0.973837 0.999014 0.999037 0.999345 0.999134 0.999978 0.999059 0.999192 0.999680 0.999597 
0.979237 0.999379 0.999443 0.999750 0.999448 0.999972 0.999496 0.999420 0.999730 0.999526 
0.984500 0.999941 0.999624 0.999936 0.999873 0.999951 0.999739 0.999844 0.999860 0.999896 
0.989750 0.999889 0.999882 0.999968 0.999994 0.999891 0.999857 0.999977 1.000000 0.999986 
0.994913 0.999964 0.999981 0.999998 0.999994 0.999964 0.999999 0.999992 1.000000 0.999991 
1.000000 0.999992 1.000000 1.000000 1.000000 0.000127 0.000044 0.999993 0.999998 0.000000 
