0.000000 0.340371 0.000302 0.359724 0.998351 0.996523 0.067359 0.959547 0.586718 0.999863 
0.000000 0.000798 0.002431 0.000185 0.999871 0.992573 0.342525 0.017215 0.999966 0.999991 
0.000000 0.582007 0.000087 0.615053 0.997423 0.998949 0.031677 0.993794 0.266220 0.999946 
0.000000 0.003748 0.001000 0.000032 0.999967 0.999909 0.873899 0.003325 0.999990 0.999999 
0.000000 0.000785 0.001200 0.000183 0.999867 0.991773 0.342787 0.016985 0.999967 0.981167 
0.000000 0.000798 0.022245 0.000185 0.999871 0.992573 0.342525 0.017215 0.999966 0.999991 
0.062125 0.097326 0.097507 0.097766 0.097900 0.097818 0.097812 0.097336 0.097614 0.096885 
0.071840 0.112435 0.112645 0.111394 0.112599 0.111934 0.112566 0.112650 0.112673 0.112895 
0.082339 0.128684 0.128960 0.128959 0.128568 0.129112 0.128784 0.128335 0.128867 0.130520 
0.089430 0.139657 0.139910 0.140058 0.139768 0.140080 0.139734 0.139677 0.139753 0.140702 
0.078889 0.123398 0.123629 0.123709 0.123264 0.122176 0.123271 0.123761 0.123600 0.124511 
0.071807 0.112337 0.112573 0.112670 0.111101 0.112317 0.112617 0.112184 0.112441 0.112930 
0.075541 0.118126 0.118384 0.118418 0.117236 0.117909 0.118327 0.117910 0.118159 0.119117 
0.071696 0.112166 0.112401 0.112630 0.110919 0.112152 0.112448 0.112014 0.112271 0.112746 
0.160528 0.249669 0.249702 0.251344 0.252062 0.250047 0.249517 0.253392 0.248902 0.249404 
0.162249 0.252326 0.252355 0.254027 0.254765 0.252722 0.252170 0.252390 0.251548 0.252060 
0.174079 0.270631 0.270636 0.272690 0.273367 0.271145 0.270759 0.270675 0.269720 0.270269 
0.200258 0.309018 0.309311 0.309470 0.312434 0.309444 0.308168 0.309191 0.308175 0.308622 
0.210949 0.325396 0.325718 0.325581 0.325499 0.324738 0.325362 0.325717 0.325639 0.325383 
0.215949 0.332583 0.332742 0.332733 0.332365 0.331777 0.332536 0.332824 0.332792 0.332549 
0.216344 0.333273 0.333403 0.333216 0.333113 0.332703 0.333111 0.333449 0.332686 0.333107 
0.220315 0.339017 0.339174 0.339088 0.338873 0.338463 0.338878 0.339227 0.338454 0.338860 
0.268740 0.409065 0.409563 0.409955 0.409125 0.408713 0.409209 0.409689 0.408805 0.409031 
0.269264 0.409823 0.410324 0.410720 0.409886 0.409925 0.409969 0.410451 0.409559 0.409789 
0.288726 0.437975 0.438613 0.438211 0.438118 0.437706 0.438236 0.438548 0.437840 0.437916 
0.288901 0.438227 0.438867 0.439088 0.438372 0.438677 0.438489 0.438938 0.438094 0.438169 
0.288719 0.437965 0.438605 0.437268 0.438108 0.437693 0.438226 0.438512 0.437827 0.437907 
0.289005 0.438378 0.438916 0.438761 0.438523 0.438278 0.438640 0.440047 0.438376 0.438320 
0.351193 0.525634 0.527224 0.523699 0.524441 0.520001 0.522897 0.527515 0.525288 0.525701 
0.363726 0.541479 0.542620 0.540393 0.540340 0.536914 0.538896 0.542678 0.541275 0.541808 
0.370354 0.549379 0.545050 0.549956 0.549850 0.547881 0.546875 0.549428 0.547735 0.549460 
0.387369 0.572055 0.573546 0.571169 0.571134 0.569074 0.569855 0.572571 0.572308 0.573007 
0.392885 0.578571 0.579477 0.581290 0.576120 0.576697 0.576290 0.578610 0.578633 0.579737 
0.418331 0.610938 0.611640 0.609404 0.607344 0.611414 0.608921 0.609965 0.611232 0.612836 
0.428859 0.624308 0.622204 0.623628 0.623884 0.623338 0.622485 0.621271 0.624353 0.626113 
0.437809 0.635144 0.633623 0.634346 0.634320 0.636888 0.633467 0.632308 0.635780 0.637019 
0.457765 0.658090 0.658705 0.658000 0.656594 0.658335 0.657321 0.658354 0.658864 0.658625 
0.467606 0.670116 0.670609 0.670139 0.668540 0.670813 0.669548 0.670345 0.670111 0.670593 
0.477844 0.681611 0.681604 0.681997 0.682013 0.682278 0.681955 0.682624 0.681465 0.682894 
0.488448 0.694110 0.694049 0.694456 0.694334 0.693929 0.694489 0.694122 0.694234 0.694161 
0.488449 0.694108 0.693726 0.694443 0.694278 0.693974 0.694414 0.694097 0.694125 0.694162 
0.488450 0.694108 0.693570 0.694138 0.694275 0.693911 0.694321 0.693932 0.694244 0.694162 
0.488450 0.694107 0.693518 0.694431 0.694277 0.693890 0.694290 0.693906 0.694292 0.694162 
0.537581 0.745628 0.750083 0.747162 0.745788 0.747994 0.748197 0.745273 0.744935 0.746814 
0.537581 0.745628 0.750083 0.746304 0.745788 0.747994 0.748197 0.745273 0.744935 0.746814 
0.579793 0.789875 0.796316 0.789827 0.790831 0.790917 0.789939 0.788071 0.787512 0.785508 
0.597770 0.809246 0.807399 0.809052 0.804232 0.808273 0.805870 0.806917 0.806466 0.806738 
0.598884 0.809636 0.806916 0.809288 0.805018 0.807881 0.807917 0.806915 0.806500 0.807130 
0.603288 0.813177 0.810638 0.812965 0.812002 0.814656 0.811551 0.810755 0.810307 0.810814 
0.611269 0.821520 0.815502 0.820824 0.819193 0.822719 0.818891 0.818460 0.818049 0.819410 
0.635453 0.840212 0.839815 0.841224 0.841585 0.842040 0.841467 0.840330 0.840755 0.841375 
0.645057 0.847508 0.848685 0.848144 0.849087 0.848014 0.848987 0.848006 0.848591 0.848750 
0.644934 0.847415 0.850280 0.848055 0.848991 0.847938 0.848890 0.847907 0.848490 0.848421 
0.654312 0.854523 0.856127 0.855353 0.856354 0.856867 0.855833 0.855503 0.856879 0.855001 
0.658238 0.860568 0.859601 0.859173 0.860818 0.859951 0.858396 0.859826 0.861133 0.859351 
0.687855 0.880732 0.881575 0.881368 0.880509 0.882083 0.881884 0.882620 0.882872 0.881402 
0.687307 0.880493 0.880990 0.882789 0.880491 0.881909 0.881398 0.883567 0.882505 0.880856 
0.694529 0.885863 0.886773 0.887509 0.885666 0.886851 0.886535 0.888291 0.887575 0.885956 
0.708205 0.900035 0.897522 0.896866 0.895535 0.896507 0.896406 0.897709 0.895468 0.895752 
0.717822 0.902999 0.903662 0.901906 0.902229 0.902208 0.903139 0.902594 0.903429 0.902144 
0.727546 0.910415 0.913172 0.909090 0.909330 0.909450 0.910026 0.909889 0.910758 0.909280 
0.738777 0.917659 0.917341 0.917696 0.917574 0.917028 0.917230 0.917823 0.918568 0.917250 
0.744909 0.922581 0.920732 0.920697 0.920980 0.920740 0.920715 0.921262 0.921980 0.920911 
0.753937 0.929826 0.926666 0.925116 0.925992 0.926206 0.925846 0.926324 0.927003 0.926301 
0.765728 0.933149 0.933098 0.932570 0.933110 0.934988 0.933373 0.933849 0.934547 0.934693 
0.775677 0.938558 0.937747 0.935756 0.938064 0.939368 0.938202 0.938513 0.939098 0.939280 
0.783200 0.943034 0.943619 0.942419 0.942740 0.943107 0.942691 0.942789 0.943269 0.943226 
0.791436 0.946739 0.945610 0.946127 0.946537 0.946552 0.946391 0.947598 0.946750 0.946779 
0.797647 0.949898 0.948658 0.949418 0.949797 0.949376 0.949554 0.949440 0.949731 0.949710 
0.806495 0.954493 0.953375 0.954239 0.954650 0.954347 0.951675 0.954380 0.955453 0.954592 
0.814413 0.958034 0.956562 0.961301 0.958000 0.957731 0.955910 0.957875 0.957789 0.958737 
0.820812 0.960710 0.958786 0.958227 0.960373 0.961800 0.960259 0.960367 0.960221 0.961982 
0.831326 0.965784 0.964735 0.963561 0.964548 0.966126 0.964054 0.964102 0.964463 0.965190 
0.837776 0.968021 0.967463 0.966319 0.966986 0.968759 0.966744 0.966774 0.967207 0.967671 
0.849021 0.972662 0.973001 0.971317 0.971825 0.972218 0.970703 0.971357 0.971929 0.971988 
0.855015 0.975009 0.973685 0.973818 0.973955 0.974932 0.972977 0.973675 0.974301 0.974316 
0.860679 0.975671 0.977051 0.975954 0.975446 0.976270 0.976083 0.976082 0.976828 0.976231 
0.868308 0.979048 0.978518 0.978993 0.977671 0.978548 0.978760 0.978531 0.979501 0.978989 
0.874379 0.980637 0.980301 0.980607 0.979381 0.981086 0.980574 0.980290 0.981079 0.980749 
0.884552 0.983627 0.983619 0.983223 0.983458 0.983571 0.983507 0.983285 0.983377 0.983754 
0.888894 0.984498 0.984982 0.984354 0.985005 0.984913 0.984776 0.984555 0.984413 0.985027 
0.895387 0.986134 0.986470 0.986195 0.985301 0.987169 0.986849 0.986376 0.986540 0.986841 
0.901738 0.987456 0.987607 0.988154 0.987721 0.988065 0.988317 0.988114 0.988942 0.988607 
0.909213 0.991215 0.989031 0.989847 0.989039 0.988980 0.990347 0.990407 0.991279 0.989229 
0.914509 0.990803 0.991321 0.991128 0.990488 0.991998 0.991439 0.991058 0.992136 0.991089 
0.921145 0.992592 0.992312 0.992239 0.991624 0.992833 0.992152 0.992210 0.993104 0.992199 
0.927615 0.994192 0.993417 0.992839 0.993218 0.993269 0.993690 0.993372 0.993308 0.993225 
0.933516 0.995873 0.994157 0.994317 0.993231 0.994427 0.994477 0.994349 0.994916 0.994267 
0.939414 0.995134 0.996336 0.994988 0.995051 0.995363 0.995048 0.994943 0.995516 0.996218 
0.945604 0.995629 0.997868 0.996115 0.996012 0.996462 0.995760 0.995767 0.996674 0.995880 
0.951395 0.997041 0.996575 0.997762 0.997091 0.999222 0.996736 0.996896 0.997908 0.997112 
0.957188 0.997511 0.997490 0.997800 0.997547 0.996972 0.997463 0.997429 0.997079 0.997981 
0.963010 0.998307 0.998327 0.998697 0.998534 0.998984 0.998322 0.998272 0.998796 0.999102 
0.968572 0.998656 0.998644 0.998953 0.998826 0.999344 0.998636 0.998621 0.999991 0.999660 
0.973795 0.999011 0.999035 0.999343 0.999131 0.999978 0.999056 0.999189 0.999864 0.999596 
0.979269 0.999382 0.999444 0.999751 0.999450 0.999934 0.999497 0.999784 0.999731 0.999529 
0.984522 0.999882 0.999625 0.999937 0.999873 0.999951 0.999740 0.999844 0.999860 0.999896 
0.989750 0.999999 0.999882 0.999968 0.999994 0.999891 0.999857 0.999977 1.000000 0.999986 
0.994916 0.999964 0.999982 0.999982 0.999994 0.999964 0.999994 0.999992 1.000000 0.999991 
1.000000 0.999992 1.000000 1.000000 1.000000 0.000127 0.000343 0.000062 0.999998 0.000000 
