0.000000 0.197770 1.000000 0.012687 0.000001 0.987446 0.378748 0.999982 0.999493 0.999816 
0.008468 0.006437 0.999993 0.999999 0.998688 0.001476 0.002438 0.999999 0.974329 0.005627 
0.012782 0.014059 0.999961 1.000000 0.001619 0.001523 0.008221 1.000000 0.004685 0.007694 
0.025839 0.021040 0.103838 1.000000 0.038970 0.033597 0.019089 0.999999 0.018464 0.026027 
0.026763 0.119170 0.040112 1.000000 0.041612 0.035866 0.035854 0.999999 0.041862 0.027324 
0.026763 0.064570 0.040544 1.000000 0.041612 0.035866 0.035854 0.999999 0.011962 0.027324 
0.050335 0.044003 0.057497 0.104573 0.788220 0.074012 0.080778 0.116812 0.067133 0.060973 
0.056348 0.250549 0.076409 0.077414 0.282044 0.128926 0.073033 0.066554 0.090416 0.094887 
0.062812 0.254303 0.129156 0.080662 0.233318 0.129733 0.119697 0.097827 0.061383 0.097133 
0.068148 0.246808 0.123987 0.126492 0.123146 0.120364 0.232956 0.158809 0.117105 0.089794 
0.077801 0.017216 0.140542 0.109564 0.129188 0.134897 0.228011 0.168690 0.140143 0.104015 
0.087694 0.235371 0.151004 0.106951 0.139269 0.147636 0.236079 0.139137 0.149830 0.038583 
0.076936 0.262504 0.134200 0.087759 0.126847 0.131496 0.170569 0.166431 0.134130 0.090265 
0.088379 0.272911 0.151951 0.106265 0.139834 0.148592 0.236188 0.177859 0.150977 0.119423 
0.076818 0.262435 0.134158 0.087699 0.123642 0.131481 0.070179 0.166389 0.132746 0.067281 
0.113725 0.331709 0.179288 0.115867 0.165346 0.181409 0.255781 0.199831 0.176938 0.156343 
0.121850 0.310140 0.192219 0.144724 0.187163 0.191342 0.111362 0.217106 0.187759 0.151031 
0.136717 0.314286 0.225283 0.167792 0.172125 0.220737 0.319581 0.175104 0.205605 0.259890 
0.137750 0.315191 0.226724 0.169910 0.184248 0.222276 0.284624 0.116110 0.217995 0.258956 
0.136717 0.314286 0.225283 0.167792 0.172125 0.220737 0.284705 0.112873 0.205605 0.259890 
0.153368 0.282662 0.211982 0.168760 0.891718 0.267235 0.339895 0.238562 0.221630 0.230645 
0.153640 0.282543 0.272189 0.168684 0.892360 0.267344 0.339588 0.238673 0.221653 0.231264 
0.168994 0.271931 0.289918 0.159005 0.989886 0.281213 0.346784 0.253027 0.240769 0.271965 
0.175175 0.366498 0.289321 0.293114 0.267974 0.274870 0.340775 0.251693 0.257544 0.079117 
0.175175 0.399961 0.289321 0.293114 0.267974 0.274870 0.340775 0.251693 0.257544 0.079117 
0.185640 0.277595 0.310780 0.178139 0.935147 0.287180 0.316308 0.248585 0.249145 0.281285 
0.192786 0.389187 0.219939 0.250479 0.231596 0.306117 0.295961 0.268169 0.265785 0.269972 
0.195340 0.365669 0.307023 0.287963 0.860074 0.308075 0.280086 0.296572 0.285230 0.206902 
0.212320 0.336662 0.459327 0.341844 0.736360 0.360609 0.395829 0.253616 0.318598 0.342993 
0.219018 0.348223 0.459975 0.342790 0.998483 0.366995 0.400684 0.232269 0.329144 0.364078 
0.237341 0.404940 0.350993 0.196163 0.534266 0.367051 0.466196 0.363765 0.330388 0.361364 
0.237341 0.404940 0.350993 0.186439 0.534266 0.367051 0.466196 0.363765 0.330388 0.347282 
0.247734 0.364713 0.326568 0.370709 0.430350 0.407706 0.380470 0.250300 0.379165 0.793703 
0.240500 0.406918 0.352062 0.195112 0.524611 0.374977 0.463666 0.357559 0.337624 0.384553 
0.240200 0.406097 0.353573 0.197179 0.530805 0.374865 0.477326 0.355805 0.337505 0.384267 
0.275686 0.420908 0.501533 0.379430 0.413480 0.468910 0.413427 0.296174 0.423918 0.554122 
0.270757 0.430131 0.427889 0.348713 0.414589 0.419419 0.428673 0.007264 0.412063 0.599857 
0.285730 0.431703 0.513641 0.447720 0.409460 0.492169 0.430266 0.319749 0.442116 0.499974 
0.290134 0.414381 0.439127 0.435782 0.597720 0.439508 0.441231 0.377250 0.400508 0.304719 
0.296660 0.448934 0.449750 0.454143 0.568658 0.453812 0.449511 0.358655 0.414379 0.310046 
0.303983 0.456374 0.464379 0.469332 0.559453 0.460069 0.460162 0.365117 0.421265 0.368918 
0.314916 0.496699 0.491896 0.496951 0.464172 0.478342 0.468400 0.373715 0.439654 0.404428 
0.323945 0.516899 0.460507 0.517688 0.504299 0.489704 0.487449 0.347629 0.451181 0.461449 
0.332283 0.498528 0.499379 0.539407 0.480846 0.500562 0.498922 0.391242 0.463308 0.352019 
0.332322 0.542239 0.532079 0.537764 0.480622 0.501729 0.499086 0.388074 0.463751 0.494412 
0.341568 0.503133 0.507549 0.508267 0.592261 0.510113 0.511610 0.416511 0.467522 0.391251 
0.332283 0.498528 0.499379 0.539407 0.464713 0.500562 0.498922 0.391242 0.463308 0.352019 
0.332252 0.498513 0.499351 0.539512 0.464283 0.500530 0.498879 0.382908 0.463293 0.351887 
0.346973 0.508548 0.554713 0.565942 0.445179 0.536798 0.556301 0.436996 0.517552 0.513827 
0.332505 0.542854 0.532689 0.538425 0.480647 0.502412 0.499150 0.340129 0.464010 0.501129 
0.387626 0.563494 0.555340 0.580368 0.516330 0.551346 0.556899 0.451935 0.504795 0.572813 
0.414146 0.606601 0.563664 0.649013 0.597955 0.971184 0.313536 0.603350 0.600797 0.606656 
0.407831 0.587171 0.497480 0.606027 0.588413 0.597318 0.582215 0.532230 0.796818 0.469564 
0.440012 0.640400 0.480017 0.577801 0.633042 0.627187 0.699906 0.633496 0.583553 0.587224 
0.431563 0.629116 0.578891 0.666267 0.620249 0.775874 0.538172 0.642904 0.536689 0.601931 
0.431584 0.629171 0.579031 0.666252 0.620196 0.792988 0.537803 0.642842 0.537098 0.602028 
0.456957 0.665213 0.643251 0.679150 0.652162 0.932266 0.877808 0.655426 0.640941 0.671168 
0.439957 0.651204 0.634641 0.660344 0.599260 0.783825 0.390487 0.617913 0.699981 0.640456 
0.458695 0.545309 0.534231 0.586407 0.649544 0.579116 0.658736 0.657775 0.620165 0.601893 
0.458298 0.539647 0.554596 0.583678 0.653291 0.574725 0.658328 0.652099 0.617613 0.597251 
0.471707 0.730865 0.699262 0.675861 0.526740 0.723024 0.672104 0.843769 0.703778 0.754044 
0.521804 0.735036 0.676166 0.731138 0.805960 0.725649 0.785899 0.749893 0.674904 0.712591 
0.503994 0.712872 0.704840 0.707194 0.917980 0.701395 0.665189 0.727266 0.663558 0.805549 
0.520776 0.734229 0.531432 0.733757 0.672404 0.730850 0.791762 0.740982 0.684438 0.714230 
0.520781 0.734240 0.535310 0.732386 0.669059 0.730761 0.788619 0.743547 0.684994 0.701112 
0.552403 0.761696 0.834972 0.743763 0.795425 0.772675 0.653458 0.779619 0.723181 0.784771 
0.551625 0.761021 0.623061 0.743483 0.792318 0.771644 0.656781 0.778732 0.722242 0.782714 
0.552403 0.761696 0.559738 0.743763 0.795425 0.772675 0.653458 0.779619 0.723181 0.784771 
0.554753 0.764104 0.608202 0.745022 0.801048 0.776775 0.669836 0.787068 0.736627 0.843933 
0.542392 0.737403 0.543608 0.736357 0.788078 0.758000 0.657671 0.768811 0.783281 0.733299 
0.584565 0.794135 0.463336 0.768058 0.813806 0.820032 0.645664 0.814401 0.762794 0.770967 
0.580778 0.837929 0.467386 0.792225 0.805416 0.814738 0.654333 0.810043 0.758143 0.767606 
0.661295 0.969064 0.872661 0.848444 0.913160 0.917476 0.861079 0.864266 0.835698 0.871975 
0.724964 0.943498 0.919859 0.912489 0.986660 0.994531 0.924025 0.905751 0.908248 0.948397 
0.652864 0.972550 0.863151 0.839913 0.903583 0.907336 0.852827 0.859367 0.910858 0.862139 
0.724966 0.934260 0.936146 0.909535 0.985108 0.994801 0.923786 0.906172 0.905302 0.957675 
0.724964 0.942737 0.944485 0.912864 0.985484 0.994055 0.923396 0.901259 0.908291 0.946256 
0.724963 0.940698 0.935957 0.913869 0.905225 0.993999 0.921704 0.775717 0.908405 0.940520 
0.724972 0.898553 0.999099 0.898117 0.979111 0.995846 0.922862 0.907802 0.907052 0.993536 
0.724965 0.937522 0.900352 0.917789 0.935287 0.993236 0.922193 0.724522 0.908461 0.939011 
0.724967 0.908231 0.935008 0.911284 0.958624 0.968867 0.935070 0.705939 0.908013 0.960531 
0.724968 0.952118 0.915027 0.908241 0.999971 0.999913 0.931154 0.956602 0.907765 0.972640 
0.724967 0.908033 0.935094 0.911277 0.958466 0.968722 0.935132 0.704815 0.908012 0.962852 
0.884461 0.001473 0.999841 0.990696 0.985938 0.994119 0.014948 0.982579 0.984106 0.000145 
0.884180 0.001576 0.999830 0.991365 0.985121 0.994995 0.015918 0.981441 0.983107 0.000645 
0.886001 0.001127 0.999875 0.988762 0.987627 0.995975 0.021025 0.985082 0.988964 0.000658 
0.885382 0.001325 0.999857 0.989801 0.987225 0.993295 0.054618 0.984215 0.985503 0.000364 
0.883371 0.001740 0.999816 0.992194 0.984536 0.998717 0.015904 0.980530 0.981607 0.000066 
0.886640 0.000949 0.999898 0.998657 0.988346 0.993358 0.012974 0.987660 0.986609 0.004139 
0.889288 0.000291 0.999955 0.984065 0.992148 0.997744 0.010715 0.991651 0.995167 0.001586 
0.884302 0.001545 0.999833 0.991191 0.985289 0.995061 0.068821 0.981685 0.983395 0.000667 
0.888391 0.000007 1.000000 0.977665 0.998236 0.978371 0.000537 0.999975 0.983415 0.000964 
0.889288 0.000319 0.999955 0.984065 0.992148 0.997744 0.009267 0.991651 0.999735 0.000639 
0.891531 0.000001 1.000000 0.981400 0.998859 0.982091 0.000189 0.999501 0.998177 0.001375 
0.980268 1.000000 0.999544 0.004087 0.000000 1.000000 0.998584 0.999941 0.999395 1.000000 
0.981131 1.000000 1.000000 0.000062 0.000000 1.000000 1.000000 0.999999 0.999992 1.000000 
0.981604 1.000000 0.999989 0.003679 0.000000 1.000000 0.998810 0.999949 0.999489 0.999999 
0.988283 1.000000 0.999995 0.000221 0.000000 1.000000 0.999997 1.000000 0.999983 0.999999 
0.988614 1.000000 0.999965 0.001540 0.000000 1.000000 0.999994 0.999995 0.999982 0.999995 
1.000000 1.000000 0.998924 0.006525 0.000000 0.999994 0.999521 0.999789 0.999951 0.999985 
