0.000000 0.340371 0.000302 0.359724 0.998351 0.996523 0.067359 0.959547 0.586718 0.999863 
0.000000 0.000798 0.002431 0.000185 0.999871 0.992573 0.342525 0.017215 0.999966 0.999991 
0.000000 0.582007 0.000087 0.615053 0.997423 0.998949 0.031677 0.993794 0.266220 0.999946 
0.000000 0.003748 0.001000 0.000032 0.999967 0.999909 0.873899 0.003325 0.999990 0.999999 
0.000000 0.000785 0.001200 0.000183 0.999867 0.991773 0.342787 0.016985 0.999967 0.981167 
0.000000 0.000798 0.022245 0.000185 0.999871 0.992573 0.342525 0.017215 0.999966 0.999991 
0.062113 0.097617 0.097493 0.097752 0.097388 0.097233 0.097203 0.097321 0.097570 0.099244 
0.062113 0.097591 0.097484 0.097757 0.097398 0.097271 0.097367 0.097321 0.097656 1.000000 
0.062113 0.097578 0.097479 0.097760 0.097403 0.097245 0.097451 0.097321 0.097701 0.999998 
0.062113 0.097612 0.097492 0.097173 0.097388 0.097234 0.097189 0.097321 0.097558 0.999999 
0.062113 0.097616 0.097493 0.097752 0.097388 0.097322 0.097202 0.097321 0.097569 0.999994 
0.062113 0.097597 0.097486 0.097756 0.097395 0.097223 0.097328 0.097321 0.097636 1.000000 
0.062113 0.097570 0.097476 0.097762 0.097406 0.097230 0.097502 0.097321 0.097728 0.999999 
0.062113 0.097611 0.097492 0.097753 0.097388 0.097235 0.097184 0.097321 0.097554 0.999999 
0.062113 0.097612 0.097492 0.097753 0.097388 0.097235 0.097188 0.097321 0.097557 1.000000 
0.166288 0.257092 0.256314 0.258479 0.258856 0.256985 0.256477 0.257056 0.256354 0.256181 
0.062113 0.097611 0.097492 0.097753 0.097388 0.097235 0.097186 0.097321 0.097556 0.999999 
0.199887 0.309992 0.311779 0.310500 0.309815 0.307591 0.309747 0.306428 0.310699 0.309748 
0.212635 0.326965 0.328499 0.328491 0.327838 0.327144 0.328184 0.328544 0.327750 0.327000 
0.216030 0.332491 0.332545 0.332488 0.333474 0.332768 0.332424 0.332965 0.332478 0.332391 
0.214208 0.329880 0.330113 0.331046 0.330733 0.329836 0.329768 0.330291 0.329938 0.329927 
0.216032 0.332494 0.332548 0.333753 0.333477 0.332772 0.332428 0.332968 0.332481 0.332394 
0.216033 0.332710 0.332456 0.332384 0.333768 0.332887 0.332372 0.332966 0.333270 0.333628 
0.216344 0.331900 0.333398 0.333414 0.332833 0.332704 0.333110 0.333450 0.332686 0.333107 
0.216345 0.332161 0.333305 0.333417 0.334375 0.332728 0.333087 0.333459 0.332686 0.333108 
0.216345 0.331996 0.333364 0.333415 0.332429 0.332713 0.333101 0.333453 0.332686 0.333107 
0.216015 0.331461 0.332963 0.332976 0.332091 0.332210 0.332672 0.332963 0.332219 0.332564 
0.216344 0.331900 0.333398 0.333414 0.332506 0.332704 0.333110 0.333450 0.332655 0.333107 
0.455479 0.655464 0.657392 0.655979 0.656866 0.657399 0.654186 0.655536 0.655818 0.656826 
0.467606 0.670116 0.670609 0.670139 0.668540 0.670813 0.669548 0.670345 0.670111 0.670593 
0.462033 0.663257 0.664551 0.663643 0.661353 0.664610 0.662601 0.663295 0.663679 0.664341 
0.470001 0.672765 0.673251 0.672957 0.671727 0.673386 0.672801 0.672794 0.673201 0.673458 
0.470350 0.673149 0.673181 0.673368 0.672178 0.673726 0.673276 0.673150 0.673645 0.673875 
0.470404 0.673209 0.673695 0.673430 0.672246 0.673818 0.673348 0.673205 0.673719 0.673939 
0.467615 0.669811 0.670620 0.670146 0.668557 0.670821 0.669557 0.670354 0.670121 0.670601 
0.459232 0.660268 0.658771 0.660399 0.658626 0.661500 0.659789 0.662309 0.660422 0.661486 
0.465057 0.666855 0.667850 0.667175 0.665284 0.667946 0.666454 0.666462 0.667271 0.667530 
0.469996 0.672759 0.673245 0.672951 0.671720 0.673380 0.672794 0.672788 0.672609 0.673451 
0.478464 0.682350 0.682366 0.682743 0.682442 0.683016 0.682717 0.682105 0.682205 0.683628 
0.488449 0.694107 0.693517 0.694436 0.694277 0.694003 0.694981 0.694626 0.694054 0.694162 
0.488451 0.694107 0.693521 0.694422 0.694277 0.693643 0.694126 0.694697 0.694814 0.694161 
0.488451 0.694107 0.694921 0.694422 0.694277 0.693643 0.694126 0.694697 0.694814 0.694161 
0.488443 0.694117 0.693165 0.694524 0.694285 0.693671 0.694602 0.693902 0.694479 0.694158 
0.488451 0.694103 0.693551 0.694100 0.694273 0.693853 0.695007 0.693298 0.694404 0.694165 
0.488449 0.694107 0.693517 0.694436 0.694277 0.694015 0.695010 0.694624 0.694816 0.694162 
0.488400 0.694109 0.694572 0.694223 0.694290 0.694101 0.694542 0.692910 0.694844 0.694187 
0.488407 0.694109 0.693432 0.694254 0.694288 0.694088 0.694611 0.693162 0.694840 0.694183 
0.488407 0.694109 0.693432 0.694366 0.694288 0.694088 0.694611 0.693162 0.694840 0.694183 
0.488448 0.694107 0.693544 0.694372 0.694277 0.693856 0.695009 0.693506 0.694815 0.694163 
0.488449 0.694107 0.694754 0.694434 0.694277 0.693665 0.695010 0.694616 0.694813 0.694162 
0.649011 0.850493 0.852219 0.851393 0.852613 0.851080 0.852563 0.851558 0.852430 0.850985 
0.649011 0.850493 0.852219 0.851393 0.852613 0.851080 0.850132 0.851558 0.852430 0.850985 
0.648679 0.850268 0.851532 0.850195 0.852396 0.850858 0.850025 0.851397 0.852121 0.850674 
0.652944 0.853153 0.853159 0.853200 0.855175 0.853690 0.854580 0.854208 0.854913 0.853846 
0.665569 0.862854 0.864466 0.864758 0.867073 0.865516 0.867229 0.866142 0.867971 0.865771 
0.667466 0.864270 0.865857 0.866419 0.868732 0.867264 0.869194 0.867816 0.872879 0.867464 
0.658227 0.857453 0.857473 0.858996 0.860920 0.861425 0.860481 0.860140 0.861089 0.859167 
0.722785 0.906565 0.906625 0.906609 0.906702 0.906881 0.001497 0.906674 0.906537 0.907103 
0.721677 0.905725 0.905750 0.905780 0.905897 0.906221 0.000185 0.905856 0.905718 0.906253 
0.721844 0.905849 0.905869 0.905884 0.906015 0.906313 0.000083 0.905976 0.905833 0.906385 
0.726945 0.909618 0.909500 0.909082 0.909615 0.909138 0.000004 0.909659 0.909350 0.910439 
0.746602 0.922525 0.921955 0.922197 0.922306 0.921629 0.005784 0.922146 0.918742 0.920844 
0.746567 0.922567 0.921997 0.922236 0.922349 0.921668 0.006162 0.922187 0.918792 0.920889 
0.798218 0.950828 0.948068 0.948096 0.950660 0.948344 0.950300 0.950508 0.950415 0.950678 
0.798049 0.950719 0.948012 0.948015 0.950535 0.948353 0.950519 0.946828 0.950282 0.950575 
0.796327 0.949575 0.948339 0.950013 0.949102 0.950033 0.956975 0.950156 0.948283 0.949540 
0.798492 0.950978 0.949311 0.948234 0.950811 0.948486 0.955325 0.950659 0.950584 0.950836 
0.803932 0.953949 0.951816 0.950859 0.953874 0.951673 0.953510 0.950317 0.953377 0.953734 
0.799766 0.946602 0.953532 0.949652 0.952120 0.952606 0.951352 0.951066 0.951560 0.952101 
0.812214 0.959605 0.956500 0.955877 0.959864 0.957657 0.953882 0.957465 0.959143 0.959223 
0.812987 0.959977 0.959592 0.955785 0.958152 0.957788 0.961728 0.958331 0.959137 0.959638 
0.822806 0.966157 0.966191 0.961605 0.966490 0.964219 0.964816 0.963504 0.965073 0.965673 
0.848664 0.973302 0.974249 0.970212 0.972047 0.971767 0.971541 0.971760 0.970841 0.973221 
0.852954 0.974670 0.975265 0.973285 0.973558 0.974467 0.972332 0.973133 0.973694 0.974577 
0.854427 0.974944 0.975506 0.972682 0.973734 0.974822 0.973610 0.973702 0.973880 0.974903 
0.856228 0.975458 0.976019 0.973286 0.974203 0.974415 0.974189 0.974272 0.974539 0.975432 
0.863982 0.977720 0.978284 0.975726 0.976471 0.977701 0.977275 0.976713 0.976906 0.977846 
0.871003 0.979484 0.980156 0.979173 0.978076 0.979561 0.979078 0.978814 0.979670 0.979528 
0.875237 0.980877 0.980467 0.981010 0.979621 0.981072 0.980846 0.980585 0.981423 0.980989 
0.885539 0.984013 0.984573 0.983348 0.981167 0.984357 0.984025 0.983802 0.983149 0.984221 
0.888465 0.984681 0.985217 0.984066 0.982666 0.984980 0.984693 0.984479 0.983935 0.984916 
0.895639 0.986721 0.987248 0.986509 0.984481 0.987112 0.986866 0.986755 0.988969 0.987017 
0.902280 0.987580 0.987718 0.988315 0.987925 0.989350 0.988467 0.988264 0.989133 0.988758 
0.909213 0.991215 0.989031 0.990244 0.989039 0.988980 0.990347 0.990407 0.991279 0.989229 
0.916446 0.991427 0.991499 0.991874 0.988801 0.992600 0.990993 0.992496 0.992259 0.992004 
0.921242 0.992600 0.992324 0.992262 0.991451 0.992863 0.992161 0.992223 0.993118 0.991061 
0.927628 0.994193 0.993419 0.992842 0.993221 0.993272 0.993692 0.993374 0.994250 0.993228 
0.933881 0.995942 0.994234 0.994242 0.993294 0.994509 0.994538 0.994409 0.994970 0.994342 
0.939546 0.995188 0.994208 0.995219 0.997226 0.995520 0.995848 0.995385 0.994726 0.995437 
0.945604 0.995629 0.997868 0.996115 0.996012 0.996462 0.995760 0.995767 0.996674 0.995880 
0.951395 0.997041 0.996575 0.997762 0.997091 0.999222 0.996736 0.996896 0.997908 0.997112 
0.957188 0.997511 0.997490 0.997800 0.997547 0.996972 0.997463 0.997429 0.999033 0.997981 
0.963010 0.998307 0.998327 0.998697 0.998534 0.997637 0.998322 0.998272 0.999991 0.999102 
0.968572 0.998656 0.998644 0.998953 0.998826 0.999344 0.998636 0.998621 0.999991 0.999660 
0.974004 0.999462 0.999263 0.999565 0.999027 0.999918 0.999254 0.999236 0.999601 0.999160 
0.979269 0.999382 0.999444 0.999751 0.999450 0.999934 0.999497 0.999784 0.999731 0.999529 
0.984522 0.999882 0.999625 0.999937 0.999873 0.999951 0.999740 0.999844 0.999860 0.999896 
0.989762 0.999995 0.999882 0.999968 0.999982 0.999891 0.999857 0.999977 1.000000 0.999986 
0.994916 0.999964 0.999982 0.999982 0.999994 0.999921 0.999994 0.999992 0.999999 0.999991 
1.000000 0.999992 1.000000 1.000000 1.000000 0.000127 0.000343 0.000062 0.999998 0.000000 
