1.000000 1.000000 1.000000 0.003389 0.001657 1.000000 0.999973 0.002667 0.999548 0.359523 
0.999997 1.000000 1.000000 0.000000 1.000000 0.000000 0.000000 1.000000 0.000000 0.000000 
0.999995 1.000000 1.000000 0.000000 1.000000 0.000000 0.000000 1.000000 0.000000 0.000000 
0.999994 1.000000 1.000000 0.000000 1.000000 0.000000 0.000000 1.000000 0.000000 0.000000 
0.999994 1.000000 1.000000 0.000000 1.000000 0.000000 0.000000 1.000000 0.000000 0.000000 
0.999994 1.000000 1.000000 0.000000 1.000000 0.000000 0.000000 1.000000 0.000000 0.000000 
0.958938 0.999997 1.000000 0.000001 0.999999 0.000056 0.000031 1.000000 0.000000 0.000001 
0.955293 0.999909 0.997618 0.000583 0.996840 0.000005 0.001140 0.997170 0.000978 0.000113 
0.946759 0.995990 0.995809 0.000675 0.996844 0.000080 0.003032 0.995452 0.001091 0.000162 
0.947789 0.996356 0.995866 0.000245 0.997134 0.000020 0.002803 0.998731 0.001074 0.000147 
0.942673 0.994525 0.995743 0.002585 0.995680 0.000013 0.003932 0.994114 0.001116 0.000220 
0.942688 0.994526 0.995744 0.002585 0.995681 0.000002 0.003931 0.994116 0.001115 0.000218 
0.943668 0.994620 0.995817 0.002540 0.995755 0.000012 0.003863 0.994217 0.001096 0.000062 
0.941877 0.994257 0.995535 0.002712 0.995950 0.000114 0.004118 0.993826 0.001170 0.000231 
0.941974 0.994292 0.995555 0.000343 0.995497 0.000389 0.004096 0.993853 0.001163 0.000229 
0.941882 0.994258 0.995536 0.002711 0.995470 0.000008 0.004117 0.993828 0.001170 0.000231 
0.941877 0.994257 0.995535 0.002712 0.995469 0.000114 0.004118 0.993826 0.001170 0.000231 
0.860471 0.004710 0.118019 0.073133 0.030916 0.008871 0.006044 0.980612 0.979559 0.976749 
0.860471 0.004710 0.118019 0.098262 0.030916 0.008871 0.000091 0.980612 0.979559 0.976749 
0.858880 0.032844 0.081381 0.057043 0.046471 0.027514 0.013878 0.980597 0.979417 0.975830 
0.858905 0.032391 0.082114 0.057303 0.047770 0.027214 0.054807 0.980597 0.979419 0.975844 
0.859560 0.020818 0.100797 0.063921 0.080910 0.019545 0.034420 0.980603 0.979478 0.976223 
0.823648 0.000717 0.002501 0.000028 0.000000 0.001839 0.011766 0.000000 0.962101 0.016366 
0.818709 0.000891 0.000004 0.000193 0.000000 0.000101 0.000485 0.000004 0.958533 0.000017 
0.820334 0.001065 0.000003 0.001478 0.000013 0.000311 0.000005 0.000222 0.959307 0.000000 
0.820334 0.001097 0.000003 0.001478 0.000013 0.000311 0.000005 0.000222 0.959307 0.000000 
0.786090 0.043451 0.004175 0.951774 0.005233 0.001969 0.019717 0.015920 0.943952 0.020654 
0.786090 0.043451 0.004175 0.951774 0.005233 0.001969 0.019717 0.020803 0.943952 0.020654 
0.754692 0.002868 0.001003 0.000006 0.000486 0.000002 0.001198 0.000001 0.929757 0.000011 
0.753164 0.000962 0.003889 0.000117 0.002434 0.098693 0.000269 0.000107 0.923253 0.000102 
0.741323 0.004221 0.000295 0.000000 0.000001 0.000002 0.001711 0.000000 0.917791 0.000332 
0.731032 0.007729 0.000645 0.000000 0.000087 0.000006 0.003472 0.000000 0.905671 0.000675 
0.733018 0.006445 0.000290 0.000037 0.001286 0.000013 0.003176 0.000003 0.906853 0.000399 
0.733018 0.006445 0.003109 0.000037 0.001286 0.000023 0.003176 0.000003 0.906853 0.000025 
0.733018 0.006445 0.003109 0.000037 0.001286 0.000004 0.003176 0.000003 0.906853 0.000724 
0.733018 0.006445 0.003109 0.000037 0.001286 0.000023 0.003176 0.000000 0.906853 0.001240 
0.666909 0.869591 0.000207 0.015306 0.000185 0.007532 0.000012 0.000614 0.852547 0.022446 
0.666555 0.869194 0.000931 0.015950 0.000844 0.008170 0.000144 0.000744 0.852055 0.023040 
0.666616 0.867366 0.006149 0.016980 0.000046 0.045995 0.016677 0.001793 0.853880 0.022424 
0.630007 0.000030 0.001800 0.006608 0.000119 0.000016 0.000157 0.000029 0.830375 0.000024 
0.629571 0.000092 0.001813 0.000456 0.000195 0.000015 0.000158 0.000568 0.829829 0.000035 
0.609949 0.001339 0.000170 0.001461 0.004343 0.000378 0.000035 0.000640 0.812879 0.000202 
0.599597 0.000179 0.001030 0.004206 0.002843 0.000213 0.000100 0.000841 0.806482 0.000015 
0.584412 0.000254 0.000645 0.003007 0.004204 0.000312 0.000071 0.001247 0.794551 0.000047 
0.573552 0.000307 0.000370 0.002150 0.005177 0.000382 0.000051 0.003918 0.786019 0.000053 
0.569583 0.000327 0.000269 0.000516 0.005532 0.000408 0.000044 0.001643 0.782900 0.000079 
0.561247 0.001904 0.000022 0.008928 0.006309 0.000383 0.000000 0.000979 0.774398 0.000280 
0.570722 0.000251 0.000284 0.002137 0.005307 0.000361 0.000109 0.003815 0.783950 0.000055 
0.586640 0.000256 0.000772 0.018391 0.003928 0.000295 0.000089 0.000496 0.795946 0.000040 
0.579527 0.001374 0.000194 0.007479 0.004969 0.000388 0.000039 0.000172 0.791705 0.000231 
0.374078 0.115660 0.563509 0.486341 0.559024 0.554660 0.527524 0.563585 0.534185 0.610493 
0.375823 0.115209 0.563033 0.486408 0.552389 0.554734 0.656353 0.540355 0.534277 0.573393 
0.375827 0.115284 0.563039 0.555787 0.547362 0.575263 0.752530 0.549266 0.534301 0.592030 
0.375823 0.115197 0.563032 0.475187 0.553202 0.565826 0.640798 0.538914 0.534274 0.570379 
0.366842 0.115213 0.563033 0.486403 0.552185 0.554729 0.656376 0.540591 0.534279 0.573772 
0.374968 0.115330 0.563257 0.486498 0.561028 0.554839 0.581775 0.567105 0.534202 0.432312 
0.367226 0.115232 0.563034 0.486380 0.551276 0.554702 0.656491 0.540582 0.527082 0.575957 
0.375824 0.115227 0.563034 0.486386 0.583788 0.554709 0.656461 0.540356 0.534283 0.570715 
0.376452 0.115047 0.562861 0.486432 0.549998 0.554760 0.706396 0.531985 0.534311 0.560026 
0.365005 0.115237 0.563035 0.486373 0.550989 0.554694 0.654730 0.540641 0.525223 0.576619 
0.363434 0.114612 0.562493 0.486662 0.534503 0.554970 0.788530 0.529996 0.534351 0.547950 
0.247933 0.375158 0.361354 0.392830 0.403456 0.999336 0.743618 0.405165 0.394314 0.358357 
0.247503 0.367581 0.361505 0.390507 0.949473 0.999900 0.990130 0.410634 0.393930 0.358500 
0.248779 0.410207 0.361505 0.397648 0.928533 0.996907 0.998656 0.378392 0.395485 0.358500 
0.247499 0.368152 0.361505 0.390164 0.867601 0.996962 0.990130 0.409691 0.393969 0.358500 
0.247499 0.367616 0.361508 0.447204 0.949409 0.999871 0.996316 0.410601 0.393928 0.386122 
0.247453 0.366090 0.361508 0.448980 0.950157 0.999995 0.996232 0.411755 0.393873 0.387111 
0.236919 0.458736 0.371353 0.336887 0.783358 0.375496 0.993766 0.324539 0.390179 0.367814 
0.247503 0.311594 0.361505 0.390507 0.949473 0.999900 0.990130 0.410634 0.393930 0.358500 
0.249374 0.429978 0.361503 0.374644 0.918842 0.999459 0.999743 0.363441 0.405093 0.345678 
0.249374 0.429978 0.361503 0.374644 0.918842 0.995524 0.999743 0.363441 0.405093 0.345678 
0.238032 0.350616 0.338534 0.296395 0.957742 0.999991 0.999918 0.423457 0.390885 0.397146 
0.128785 0.269521 0.998598 0.993684 0.973559 0.975752 0.201893 0.200122 0.998381 0.989952 
0.128772 0.267945 0.998686 0.993714 0.999989 0.948764 0.201165 0.199024 0.998482 0.979251 
0.128756 0.265962 0.998796 0.993752 0.999984 0.976366 0.200249 0.197642 0.998609 0.906533 
0.128788 0.265254 0.998460 0.993798 0.999982 0.976408 0.206855 0.214576 0.998225 0.978259 
0.128745 0.264620 0.998870 0.993778 0.978681 0.998140 0.199629 0.196706 0.998695 0.819340 
0.128832 0.265323 0.998614 0.993794 0.994739 0.976405 0.206160 0.212796 0.906699 0.970548 
0.128809 0.267275 0.998311 0.993763 0.999987 0.921954 0.208457 0.217664 0.998054 0.975815 
0.131451 0.073597 0.188213 0.181286 0.967827 0.980940 0.993100 0.200216 0.212515 0.172839 
0.128727 0.259152 0.999882 0.993131 0.999967 0.946384 0.201823 0.205132 0.998745 0.725438 
0.128726 0.259107 0.998911 0.993907 0.999967 0.946248 0.201982 0.205183 0.998745 0.724175 
0.128756 0.265962 0.998796 0.993752 0.999984 0.976366 0.200249 0.197642 0.123780 0.906533 
0.039644 0.019285 0.052416 0.078654 0.923042 0.964927 0.988796 0.057754 0.069147 0.050147 
0.039644 0.025111 0.052416 0.078654 0.998587 0.964927 0.988796 0.057754 0.069147 0.031155 
0.039644 0.028349 0.052416 0.078654 0.998587 0.964927 0.959934 0.057754 0.069147 0.029903 
0.039644 0.020410 0.052416 0.078654 0.999980 0.964927 0.988796 0.057754 0.069147 0.032973 
0.039644 0.019285 0.052416 0.078654 0.998587 0.964927 0.988796 0.057754 0.069147 0.033408 
0.039644 0.019285 0.052416 0.078654 0.998587 0.964927 0.988796 0.057754 0.069147 0.031155 
0.041243 0.046922 0.044311 0.047778 0.998532 0.998179 0.999878 0.090093 0.061089 0.822746 
0.039619 0.908229 0.052577 0.012085 0.992242 0.968444 0.973465 0.060888 0.068788 0.027511 
0.041318 0.048184 0.043935 0.049411 0.998677 0.999535 0.998982 0.091429 0.060720 0.025894 
0.039820 0.019612 0.051557 0.017262 0.998609 0.945316 0.996556 0.049513 0.068290 0.051488 
0.039614 0.019225 0.052572 0.011971 0.998585 0.968442 0.999740 0.060787 0.069152 0.031702 
0.000000 0.976946 0.001457 0.000042 1.000000 0.999440 0.043159 0.866746 0.000001 0.998874 
0.000000 0.999190 0.007015 0.000007 0.856621 0.999845 0.255755 0.999988 0.000001 0.999591 
0.000000 0.996014 0.001906 0.000001 0.847730 0.999961 0.198022 0.999998 0.000000 0.999945 
0.000000 0.976946 0.001457 0.000042 1.000000 0.999440 0.043159 0.866746 0.635675 0.998874 
0.000000 0.999044 0.002608 0.376468 0.830700 0.999939 0.294653 0.999986 0.000001 0.817927 
0.000000 0.999850 0.000717 0.000000 0.938263 0.999991 0.067290 1.000000 0.165495 0.999998 
