0.000000 1.000000 0.000000 0.000000 0.000000 1.000000 1.000000 1.000000 1.000000 0.999996 
0.009156 0.014430 0.009048 0.013188 0.014068 0.014551 0.011162 0.013538 0.015350 0.011409 
0.017570 0.029157 0.027780 0.026227 0.021002 0.027917 0.028075 0.027349 0.027765 0.028583 
0.026089 0.039105 0.040933 0.041372 0.040607 0.042916 0.041920 0.039497 0.041368 0.041415 
0.034111 0.053879 0.054366 0.054293 0.053200 0.053753 0.053962 0.053654 0.053752 0.053566 
0.041446 0.064907 0.064218 0.064380 0.066579 0.065169 0.065432 0.065352 0.065270 0.064957 
0.050078 0.077856 0.075891 0.079967 0.077926 0.079259 0.078889 0.078746 0.079523 0.078493 
0.057776 0.091563 0.091244 0.090467 0.092083 0.090667 0.090713 0.090778 0.089895 0.091535 
0.064894 0.104249 0.101894 0.101148 0.101504 0.100945 0.101786 0.101103 0.101553 0.102439 
0.073046 0.113703 0.114581 0.114180 0.114275 0.113813 0.114346 0.114921 0.114257 0.115198 
0.079969 0.125184 0.125777 0.125399 0.125520 0.125311 0.125467 0.128035 0.125477 0.125994 
0.087165 0.136724 0.136539 0.136240 0.136193 0.136431 0.136344 0.136645 0.136331 0.136403 
0.095335 0.149370 0.149114 0.148015 0.149207 0.149479 0.149105 0.149289 0.149127 0.148753 
0.101876 0.159664 0.159492 0.159463 0.159326 0.159371 0.158789 0.159342 0.159398 0.158412 
0.109356 0.171213 0.171029 0.171164 0.170731 0.171023 0.170335 0.170970 0.170982 0.171193 
0.116604 0.182358 0.182166 0.181588 0.182017 0.181806 0.181677 0.181843 0.182251 0.181473 
0.124705 0.194687 0.194492 0.194926 0.194336 0.195638 0.194050 0.194226 0.194754 0.193570 
0.131882 0.205772 0.205122 0.206231 0.206109 0.206050 0.205396 0.205787 0.205957 0.204787 
0.138039 0.215249 0.214786 0.215299 0.215692 0.215192 0.214432 0.215323 0.214208 0.214652 
0.147113 0.228399 0.228762 0.229046 0.229310 0.229006 0.227670 0.229100 0.228464 0.228640 
0.153937 0.239328 0.239263 0.239414 0.239676 0.239463 0.239931 0.238564 0.239506 0.239770 
0.160053 0.248642 0.248694 0.248652 0.248731 0.248707 0.246549 0.248749 0.248797 0.248589 
0.167756 0.260403 0.260494 0.260405 0.259293 0.260310 0.259175 0.260635 0.260524 0.260547 
0.175621 0.272232 0.272439 0.272401 0.272505 0.272315 0.271018 0.272521 0.272909 0.272443 
0.181669 0.281435 0.281352 0.281495 0.281370 0.281503 0.280721 0.281782 0.281177 0.281641 
0.190696 0.295081 0.294894 0.295504 0.295028 0.294923 0.293723 0.294912 0.295140 0.295486 
0.197890 0.305461 0.305864 0.305597 0.306211 0.305765 0.306151 0.306182 0.305341 0.306024 
0.205223 0.316449 0.316925 0.316755 0.317315 0.316800 0.316732 0.316800 0.316380 0.317120 
0.213498 0.329194 0.329214 0.329150 0.329867 0.330167 0.329306 0.329019 0.328964 0.329403 
0.220160 0.338944 0.338990 0.338854 0.339239 0.338933 0.339003 0.338842 0.338866 0.339109 
0.220008 0.338724 0.338767 0.338632 0.339017 0.338599 0.338783 0.338571 0.338535 0.338888 
0.235070 0.360238 0.360886 0.360892 0.360916 0.360931 0.360482 0.360340 0.360104 0.360855 
0.239210 0.366788 0.366942 0.366630 0.367105 0.367327 0.366690 0.366792 0.366707 0.366931 
0.249394 0.381677 0.381884 0.381473 0.382002 0.381497 0.381493 0.381751 0.381657 0.381804 
0.257266 0.393081 0.393375 0.393011 0.393545 0.393254 0.393369 0.393378 0.392955 0.393251 
0.264265 0.403297 0.403425 0.403425 0.403472 0.403264 0.403195 0.403089 0.402890 0.403304 
0.269280 0.410542 0.410486 0.410664 0.410759 0.410516 0.410602 0.410379 0.410095 0.410565 
0.280725 0.426843 0.426806 0.426798 0.426991 0.426746 0.427166 0.426675 0.426407 0.426952 
0.284654 0.432591 0.431871 0.433051 0.432407 0.432376 0.432465 0.432370 0.432669 0.432388 
0.293439 0.445094 0.445211 0.444644 0.444869 0.444842 0.444702 0.444818 0.444529 0.445611 
0.303560 0.459244 0.459255 0.458965 0.459191 0.459048 0.458922 0.459070 0.458848 0.459007 
0.312485 0.471268 0.471260 0.471470 0.471248 0.471375 0.471202 0.471496 0.471391 0.471278 
0.319821 0.481479 0.481374 0.481548 0.481110 0.481474 0.481263 0.481551 0.481498 0.481418 
0.328116 0.494278 0.492854 0.493115 0.492999 0.492883 0.492894 0.492911 0.492884 0.493519 
0.334942 0.501900 0.502156 0.502070 0.501909 0.502402 0.502000 0.502011 0.502101 0.502019 
0.343725 0.513800 0.514066 0.514040 0.513941 0.514373 0.514416 0.513976 0.514067 0.514785 
0.351727 0.524845 0.524921 0.525171 0.524586 0.524982 0.524753 0.524585 0.524810 0.524737 
0.354385 0.528470 0.528743 0.528809 0.528207 0.528621 0.528400 0.528229 0.528336 0.528357 
0.370213 0.549060 0.549271 0.549400 0.549370 0.548929 0.550009 0.549204 0.549521 0.549357 
0.372726 0.552463 0.552677 0.552829 0.552790 0.552335 0.553037 0.552621 0.552473 0.552753 
0.388596 0.573062 0.573283 0.573360 0.573145 0.573384 0.573595 0.573042 0.573138 0.572600 
0.398506 0.585748 0.585914 0.585937 0.585827 0.585928 0.586170 0.585830 0.585770 0.585366 
0.397903 0.585006 0.585173 0.585198 0.585086 0.585189 0.585440 0.585323 0.585027 0.584618 
0.414245 0.605600 0.605896 0.605495 0.605772 0.605661 0.605607 0.605545 0.605218 0.605768 
0.421857 0.615097 0.615285 0.615127 0.615243 0.615089 0.614974 0.615149 0.615541 0.615195 
0.433600 0.629600 0.629632 0.629739 0.629690 0.629529 0.629266 0.629960 0.629352 0.629604 
0.440678 0.638374 0.638242 0.638110 0.638321 0.638257 0.637911 0.638530 0.638102 0.638332 
0.440678 0.638374 0.638314 0.638110 0.638321 0.638257 0.637911 0.638530 0.638102 0.638332 
0.457488 0.658268 0.658332 0.658082 0.658167 0.658181 0.657525 0.658447 0.658308 0.658466 
0.466352 0.668758 0.668888 0.668613 0.668563 0.668688 0.667867 0.668949 0.668594 0.668792 
0.468003 0.670718 0.670858 0.670573 0.670512 0.670650 0.671074 0.670908 0.670560 0.671025 
0.493787 0.699652 0.700136 0.701322 0.700014 0.700169 0.699618 0.700679 0.700496 0.700213 
0.497130 0.703360 0.703891 0.704910 0.703677 0.703852 0.704210 0.704149 0.704146 0.703876 
0.506619 0.713309 0.715017 0.714830 0.714123 0.714160 0.714320 0.714472 0.714385 0.714652 
0.518455 0.726690 0.727650 0.727840 0.727037 0.727034 0.727109 0.727295 0.727323 0.727252 
0.528334 0.737859 0.738194 0.738350 0.737815 0.737780 0.737784 0.737997 0.738122 0.737769 
0.539403 0.749145 0.749723 0.749763 0.749479 0.749547 0.749523 0.749583 0.749758 0.749465 
0.547306 0.756387 0.757652 0.757791 0.757996 0.757850 0.757666 0.757686 0.757673 0.757625 
0.558582 0.767710 0.768890 0.769109 0.769091 0.769089 0.769811 0.769131 0.769082 0.769167 
0.568610 0.778187 0.778982 0.779337 0.779103 0.779078 0.779060 0.779027 0.779336 0.779186 
0.579333 0.789142 0.789571 0.790041 0.789616 0.789570 0.789352 0.788897 0.789935 0.789706 
0.584703 0.794627 0.794869 0.794947 0.794878 0.794819 0.794493 0.794647 0.795235 0.794964 
0.599502 0.808465 0.808493 0.807551 0.808429 0.808343 0.808094 0.808045 0.808903 0.808630 
0.667919 0.867248 0.867026 0.866988 0.867013 0.867038 0.866972 0.866996 0.866992 0.867004 
0.667970 0.866986 0.867062 0.867029 0.867049 0.867060 0.867108 0.867224 0.867030 0.867043 
0.667950 0.867090 0.867048 0.867013 0.867034 0.867129 0.867093 0.867133 0.867015 0.867027 
0.667970 0.866986 0.867062 0.867029 0.867049 0.866983 0.867108 0.867224 0.867030 0.867043 
0.667910 0.867295 0.867019 0.866981 0.867006 0.867034 0.867065 0.866956 0.866985 0.866997 
0.671233 0.869938 0.869548 0.869474 0.869615 0.869380 0.869559 0.869593 0.869437 0.869487 
0.687101 0.881448 0.881421 0.881445 0.881387 0.880863 0.881869 0.880797 0.881368 0.881675 
0.695680 0.887613 0.887858 0.887910 0.887815 0.887044 0.888485 0.886983 0.887797 0.888235 
0.709216 0.897262 0.897543 0.897904 0.898291 0.897356 0.898131 0.894941 0.896956 0.897413 
0.721223 0.905663 0.906191 0.906499 0.907630 0.906450 0.905630 0.908083 0.905327 0.905870 
0.738728 0.917738 0.916983 0.916723 0.917067 0.917298 0.916692 0.916932 0.917264 0.916487 
0.744740 0.920835 0.920857 0.920145 0.920519 0.920845 0.920223 0.920557 0.920716 0.920077 
0.768001 0.932916 0.935078 0.933574 0.934178 0.934934 0.934119 0.934850 0.934284 0.934217 
0.783377 0.941539 0.943003 0.941720 0.942673 0.943103 0.942081 0.942888 0.942294 0.942770 
0.795218 0.947838 0.948723 0.948179 0.949318 0.949384 0.948589 0.949525 0.948736 0.949562 
0.809498 0.954562 0.955890 0.954466 0.955648 0.956114 0.955199 0.955421 0.955430 0.954548 
0.824987 0.962698 0.963107 0.961489 0.962519 0.962803 0.962372 0.961984 0.962744 0.961950 
0.840416 0.968771 0.969655 0.968644 0.969312 0.969528 0.968597 0.968677 0.968447 0.968070 
0.866670 0.978105 0.977181 0.978438 0.978568 0.978615 0.978211 0.978455 0.978122 0.978130 
0.874072 0.980307 0.980597 0.980599 0.980637 0.980915 0.980403 0.980604 0.980273 0.980184 
0.888887 0.984338 0.984823 0.984692 0.985813 0.984801 0.984327 0.984160 0.984930 0.985028 
0.908921 0.989354 0.989660 0.989666 0.989705 0.990010 0.989447 0.989656 0.989313 0.989216 
0.923701 0.993044 0.992530 0.992896 0.992190 0.993265 0.992985 0.992843 0.992573 0.993228 
0.942325 0.995872 0.995909 0.995836 0.995285 0.994432 0.995923 0.995190 0.995455 0.995523 
0.960855 0.998589 0.998165 0.997676 0.998173 0.998056 0.997975 0.998383 0.998871 0.998111 
0.980114 0.999674 0.999474 0.999727 0.999857 0.999662 0.999659 0.999537 0.999502 0.999732 
1.000000 1.000000 1.000000 0.000000 0.000000 1.000000 1.000000 1.000000 1.000000 1.000000 
