0.000000 0.340371 0.000302 0.359724 0.998351 0.996523 0.067359 0.959547 0.586718 0.999863 
0.000000 0.000798 0.002431 0.000185 0.999871 0.992573 0.342525 0.017215 0.999966 0.999991 
0.000000 0.582007 0.000087 0.615053 0.997423 0.998949 0.031677 0.993794 0.266220 0.999946 
0.000000 0.003748 0.001000 0.000032 0.999967 0.999909 0.873899 0.003325 0.999990 0.999999 
0.000000 0.000785 0.001200 0.000183 0.999867 0.991773 0.342787 0.016985 0.999967 0.981167 
0.000000 0.000798 0.022245 0.000185 0.999871 0.992573 0.342525 0.017215 0.999966 0.999991 
0.062113 0.097578 0.097459 0.097760 0.097386 0.097245 0.097653 0.097321 0.097701 0.999964 
0.062113 0.097578 0.097476 0.097760 0.097389 0.097245 0.097105 0.097321 0.097701 0.999996 
0.062113 0.097578 0.097481 0.097760 0.097389 0.097245 0.097109 0.097321 0.097701 0.999974 
0.062113 0.097578 0.097480 0.097760 0.097389 0.097245 0.096977 0.097321 0.097701 0.999999 
0.062113 0.097625 0.097493 0.097750 0.097389 0.097231 0.096949 0.097321 0.097701 0.999999 
0.062113 0.097642 0.097477 0.097746 0.097389 0.097225 0.096908 0.097321 0.097701 0.999998 
0.062113 0.097578 0.097477 0.097760 0.097389 0.097903 0.097058 0.097321 0.097701 0.999996 
0.062113 0.097578 0.097477 0.097760 0.097389 0.097945 0.097055 0.097321 0.097701 1.000000 
0.062113 0.097070 0.097511 0.097874 0.097389 0.097405 0.098273 0.097321 0.097411 0.999981 
0.062113 0.097233 0.097352 0.097837 0.097388 0.097354 0.098251 0.097321 0.097701 0.999835 
0.062113 0.097215 0.097503 0.097841 0.097388 0.097359 0.098239 0.097321 0.097701 0.999938 
0.201353 0.312256 0.313536 0.313823 0.312270 0.309967 0.311731 0.314088 0.312666 0.313215 
0.212704 0.328498 0.327683 0.328385 0.329329 0.329106 0.328844 0.328508 0.327866 0.327522 
0.216345 0.332161 0.333305 0.333417 0.334375 0.332728 0.333087 0.333459 0.332686 0.333108 
0.216353 0.332174 0.332276 0.333450 0.334385 0.332984 0.332845 0.333563 0.332693 0.333118 
0.216345 0.332161 0.333305 0.333415 0.334375 0.332727 0.331915 0.333458 0.332686 0.333107 
0.216015 0.332146 0.332397 0.333979 0.334061 0.332911 0.332239 0.332932 0.332298 0.332280 
0.215987 0.332144 0.332319 0.334014 0.334034 0.332927 0.332267 0.332887 0.332264 0.332208 
0.216345 0.332161 0.333305 0.333417 0.334375 0.332728 0.333087 0.333459 0.331142 0.333108 
0.216345 0.332161 0.333305 0.333415 0.334375 0.332727 0.331915 0.333935 0.332686 0.333107 
0.216353 0.335002 0.332287 0.333450 0.334385 0.332981 0.332836 0.333562 0.332693 0.333118 
0.216343 0.332158 0.333303 0.333408 0.334373 0.332663 0.333160 0.333433 0.333832 0.331154 
0.470001 0.672765 0.673251 0.672957 0.671727 0.673386 0.672801 0.672794 0.673201 0.673458 
0.467615 0.669811 0.670620 0.670146 0.668557 0.670821 0.669557 0.670354 0.670121 0.670601 
0.465057 0.666855 0.667850 0.667175 0.665284 0.667946 0.666454 0.666462 0.667271 0.667530 
0.467615 0.669811 0.670620 0.670146 0.668557 0.670821 0.669557 0.669346 0.670121 0.670601 
0.470001 0.672765 0.673251 0.672957 0.671727 0.673386 0.672801 0.672794 0.671795 0.673458 
0.470290 0.673194 0.673921 0.672280 0.673739 0.673379 0.672449 0.672815 0.672950 0.673029 
0.466544 0.668574 0.669461 0.670713 0.667188 0.669618 0.668259 0.669194 0.668928 0.669316 
0.466543 0.668573 0.669459 0.670663 0.667185 0.669616 0.668242 0.669193 0.668755 0.669315 
0.473810 0.677478 0.677450 0.677443 0.676785 0.677480 0.676896 0.676687 0.678115 0.678015 
0.473782 0.677444 0.677422 0.677216 0.676758 0.677446 0.676860 0.676646 0.678078 0.677986 
0.478464 0.682350 0.682366 0.682743 0.682442 0.683016 0.682717 0.682105 0.682205 0.683628 
0.488436 0.694126 0.693541 0.694615 0.694293 0.693695 0.695012 0.693218 0.694851 0.694156 
0.488362 0.694080 0.693836 0.695165 0.694413 0.693975 0.694277 0.692837 0.694970 0.694185 
0.488414 0.694113 0.693346 0.694642 0.694263 0.693672 0.695004 0.693222 0.694813 0.694185 
0.488444 0.693029 0.693178 0.694539 0.694164 0.693971 0.694615 0.693356 0.694768 0.694186 
0.488497 0.694086 0.693096 0.694735 0.694393 0.695163 0.695004 0.693429 0.694774 0.694188 
0.488465 0.694146 0.692871 0.694136 0.694118 0.693379 0.692407 0.693594 0.694661 0.694185 
0.488487 0.694089 0.693128 0.694723 0.693998 0.695200 0.695004 0.693402 0.694779 0.694188 
0.488525 0.693928 0.694878 0.692410 0.693962 0.693515 0.694974 0.693822 0.694474 0.694215 
0.488514 0.693922 0.694242 0.691684 0.693941 0.693522 0.694973 0.693833 0.694461 0.694216 
0.488431 0.693188 0.693278 0.694634 0.693318 0.693971 0.694563 0.693277 0.694799 0.694185 
0.488437 0.692671 0.693276 0.694668 0.694179 0.694160 0.695004 0.693279 0.694802 0.694186 
0.648679 0.850268 0.851532 0.850195 0.852396 0.850858 0.850025 0.851397 0.852121 0.850674 
0.648675 0.850264 0.855156 0.850192 0.852393 0.850855 0.850073 0.851394 0.851606 0.851632 
0.648675 0.850264 0.855156 0.850192 0.852393 0.850855 0.850072 0.851394 0.852233 0.851613 
0.653920 0.853821 0.853240 0.853679 0.855819 0.854347 0.854530 0.854872 0.855540 0.854559 
0.653920 0.853821 0.853240 0.853679 0.855819 0.853334 0.854530 0.854872 0.855540 0.854559 
0.648678 0.850266 0.855158 0.850194 0.852395 0.850857 0.850043 0.851396 0.852139 0.851041 
0.723819 0.907348 0.907444 0.907380 0.907455 0.907570 0.000004 0.907436 0.907304 0.907897 
0.723812 0.907345 0.907441 0.907379 0.907466 0.906805 0.000000 0.907340 0.907305 0.907894 
0.723819 0.907348 0.907444 0.907380 0.907433 0.906809 0.000004 0.907436 0.907304 0.907897 
0.723819 0.907348 0.907444 0.907380 0.907432 0.906809 0.000001 0.907445 0.907304 0.907897 
0.727438 0.909976 0.909824 0.909350 0.909955 0.909379 0.000040 0.910010 0.909673 0.910840 
0.740264 0.919089 0.918336 0.919048 0.918822 0.918361 0.006721 0.918728 0.914838 0.919584 
0.744080 0.922739 0.921542 0.922799 0.922274 0.921896 0.000000 0.922546 0.921739 0.923191 
0.790824 0.946652 0.945160 0.944688 0.945245 0.945501 0.971702 0.945661 0.944353 0.946432 
0.797367 0.949508 0.952093 0.943783 0.936688 0.948781 0.947267 0.946294 0.948185 0.949076 
0.799497 0.950073 0.948768 0.948228 0.951551 0.949058 0.927964 0.949154 0.951480 0.949892 
0.799365 0.950021 0.948714 0.948174 0.948484 0.949004 0.972813 0.949101 0.951372 0.949840 
0.795296 0.948416 0.947020 0.946513 0.946941 0.947335 0.976077 0.947462 0.948028 0.948216 
0.799763 0.950178 0.948879 0.948337 0.957763 0.949168 0.972493 0.949261 0.951699 0.949999 
0.806032 0.953828 0.953935 0.953982 0.953932 0.000000 0.953953 0.953609 0.000000 0.000024 
0.814295 0.956965 0.958230 0.958585 0.957714 0.000000 0.957113 0.956331 0.000000 0.000100 
0.822016 0.961983 0.962237 0.962875 0.961245 0.000000 0.960044 0.958876 0.000000 0.000178 
0.846794 0.972296 0.972760 0.971772 0.969231 0.972235 0.972244 0.971441 0.969408 0.972308 
0.855376 0.975273 0.975847 0.972795 0.974294 0.975143 0.974668 0.973983 0.974436 0.975225 
0.857626 0.975273 0.975847 0.972795 0.974294 0.975143 0.974668 0.973983 0.974436 0.975225 
0.861764 0.976863 0.977382 0.971501 0.976233 0.976927 0.976670 0.976223 0.976389 0.976935 
0.865447 0.978618 0.978931 0.976561 0.978145 0.978565 0.978225 0.977577 0.977843 0.978619 
0.875237 0.980877 0.980467 0.981010 0.979621 0.981072 0.980846 0.980585 0.981423 0.980989 
0.874153 0.980554 0.980219 0.978824 0.979349 0.980738 0.980510 0.980234 0.981018 0.980662 
0.885539 0.984013 0.984573 0.983348 0.981167 0.984357 0.984025 0.983802 0.983149 0.984221 
0.888380 0.984662 0.985198 0.984045 0.981999 0.984962 0.984673 0.984459 0.983912 0.984896 
0.895829 0.985344 0.985565 0.985415 0.986576 0.986440 0.987346 0.988168 0.986809 0.986053 
0.903022 0.987555 0.987696 0.988280 0.987878 0.989315 0.988436 0.989225 0.989092 0.988727 
0.909548 0.989640 0.990417 0.990937 0.985919 0.991845 0.989590 0.990161 0.991187 0.991079 
0.916446 0.991427 0.991499 0.991874 0.988801 0.992600 0.990993 0.992496 0.992259 0.992004 
0.921242 0.992600 0.992324 0.992262 0.991451 0.992863 0.992161 0.992223 0.993118 0.991061 
0.927628 0.994193 0.993419 0.992842 0.993221 0.993272 0.993692 0.993374 0.994250 0.993228 
0.933881 0.995942 0.994234 0.994242 0.993294 0.994509 0.994538 0.994409 0.994970 0.994342 
0.939546 0.995188 0.994208 0.995219 0.997226 0.995520 0.995848 0.995385 0.994726 0.995437 
0.947284 0.995598 0.996039 0.996838 0.996972 0.997205 0.996228 0.996292 0.997306 0.996471 
0.951395 0.997041 0.996575 0.997762 0.997091 0.999222 0.996736 0.996896 0.997908 0.997112 
0.957412 0.997482 0.997403 0.998800 0.997643 0.999243 0.997504 0.997716 0.999072 0.998080 
0.963125 0.998311 0.998344 0.998706 0.998540 0.997683 0.998319 0.998275 0.999967 0.999103 
0.968301 0.998518 0.999131 0.999121 0.998783 0.999746 0.998164 0.998419 0.999959 0.999158 
0.974004 0.998771 0.999263 0.999565 0.999027 0.999918 0.999254 0.999236 0.999601 0.999160 
0.979170 0.999167 0.999877 0.999977 0.999469 0.999973 0.999545 0.999770 0.999987 0.999628 
0.984563 0.999883 0.999627 0.999937 0.999773 0.999950 0.999741 0.999845 0.999861 0.999897 
0.989762 0.999995 0.999882 0.999968 0.999982 0.999891 0.999857 0.999977 1.000000 0.999986 
0.994916 0.999964 0.999982 0.999982 0.999837 0.999921 0.999994 0.999992 0.999999 0.999991 
1.000000 0.999992 1.000000 1.000000 1.000000 0.000127 0.001901 0.000138 0.999998 0.000000 
