0.000000 0.999876 0.000001 0.000000 0.000000 0.999960 1.000000 1.000000 1.000000 0.987371 
0.009222 0.014721 0.009138 0.013284 0.007957 0.014647 0.001100 0.013638 0.015451 0.007993 
0.017332 0.028290 0.027794 0.026170 0.020791 0.027927 0.028079 0.027360 0.028943 0.029652 
0.025862 0.038728 0.038639 0.041019 0.040237 0.042572 0.041569 0.039129 0.041020 0.041054 
0.033123 0.050739 0.049843 0.051983 0.050032 0.053094 0.051314 0.051352 0.052317 0.052915 
0.041582 0.065161 0.062896 0.064758 0.061444 0.065352 0.065636 0.065594 0.065480 0.066733 
0.048608 0.075550 0.075314 0.077713 0.075742 0.076992 0.076608 0.076443 0.077268 0.076195 
0.057594 0.091335 0.089101 0.090217 0.088289 0.090397 0.090433 0.091040 0.089648 0.091228 
0.064894 0.104249 0.101894 0.101148 0.101504 0.100945 0.101786 0.100968 0.101553 0.102439 
0.073046 0.113703 0.114581 0.114180 0.114275 0.113813 0.114346 0.114921 0.114257 0.115198 
0.080415 0.125965 0.126162 0.125333 0.125266 0.125428 0.125701 0.125407 0.127922 0.127981 
0.087655 0.137313 0.137533 0.137154 0.136827 0.138636 0.136855 0.138639 0.138344 0.138819 
0.095090 0.149320 0.148923 0.149397 0.148717 0.149816 0.148327 0.149745 0.148595 0.149600 
0.099751 0.156277 0.156182 0.156845 0.156005 0.156010 0.155512 0.157274 0.155857 0.156880 
0.108651 0.169999 0.169371 0.169970 0.169166 0.169212 0.169806 0.170576 0.169167 0.170488 
0.117549 0.183369 0.183092 0.184223 0.182926 0.183095 0.183638 0.184731 0.182917 0.184327 
0.123664 0.193041 0.192977 0.193416 0.186985 0.192486 0.193145 0.194022 0.192561 0.193085 
0.131283 0.204983 0.204327 0.205434 0.205262 0.206670 0.204497 0.204139 0.204593 0.203744 
0.139208 0.217339 0.217019 0.215268 0.216842 0.216954 0.215879 0.218001 0.214902 0.216884 
0.146424 0.228157 0.227949 0.227648 0.228743 0.227643 0.226739 0.228849 0.227097 0.228086 
0.152302 0.236862 0.236897 0.236457 0.237413 0.236669 0.235742 0.237657 0.236099 0.236166 
0.160743 0.249269 0.250223 0.250347 0.251032 0.249632 0.248651 0.249671 0.248573 0.249758 
0.167861 0.260752 0.260250 0.260725 0.260489 0.260465 0.259375 0.261538 0.260133 0.260321 
0.173172 0.268541 0.268657 0.267801 0.268716 0.268591 0.267171 0.268793 0.268331 0.268827 
0.183696 0.284472 0.284404 0.284640 0.284358 0.284753 0.283101 0.285079 0.284149 0.284743 
0.190650 0.295018 0.294989 0.295560 0.294970 0.294230 0.293658 0.294804 0.295049 0.295412 
0.195807 0.302805 0.302806 0.302208 0.302802 0.301977 0.301456 0.303401 0.303084 0.303284 
0.204325 0.314027 0.315494 0.314141 0.315564 0.314544 0.314384 0.315739 0.314103 0.315370 
0.213292 0.327982 0.329077 0.326747 0.329216 0.329500 0.329005 0.328173 0.328255 0.329270 
0.219917 0.338203 0.338821 0.337345 0.339545 0.338833 0.338543 0.338109 0.338018 0.339000 
0.227600 0.349334 0.350060 0.349990 0.350158 0.350439 0.349658 0.349467 0.349293 0.350090 
0.236095 0.362301 0.363093 0.363105 0.362599 0.362547 0.361920 0.361956 0.362104 0.362464 
0.238738 0.366335 0.367148 0.367185 0.366470 0.366092 0.365735 0.365842 0.366089 0.366314 
0.249793 0.382416 0.382483 0.384331 0.382595 0.381711 0.381693 0.382512 0.382728 0.382407 
0.257123 0.392901 0.393189 0.392784 0.393383 0.393071 0.392120 0.392793 0.392614 0.393072 
0.259215 0.396218 0.396152 0.395697 0.396446 0.396141 0.395123 0.395861 0.395633 0.396117 
0.268156 0.408844 0.408815 0.408146 0.409533 0.409261 0.407954 0.408967 0.407840 0.409129 
0.280276 0.426145 0.426343 0.426924 0.425890 0.425307 0.425937 0.425945 0.425823 0.425752 
0.289509 0.439521 0.439442 0.440257 0.439064 0.438522 0.439327 0.439242 0.439149 0.437493 
0.302446 0.457405 0.457631 0.457275 0.457273 0.457433 0.456998 0.457194 0.457218 0.458376 
0.305727 0.462144 0.462348 0.461980 0.461969 0.462124 0.461704 0.461918 0.461950 0.464130 
0.313025 0.472054 0.472227 0.472048 0.471943 0.472123 0.471852 0.471943 0.471798 0.472275 
0.319509 0.481079 0.481044 0.481192 0.480658 0.481016 0.480860 0.481111 0.481061 0.482060 
0.324066 0.487520 0.487300 0.487466 0.486849 0.487193 0.487221 0.487251 0.487236 0.488164 
0.334959 0.501923 0.502179 0.502092 0.501931 0.502424 0.502637 0.502034 0.502124 0.502043 
0.344044 0.514087 0.514505 0.514304 0.514054 0.514722 0.515128 0.514301 0.514488 0.514415 
0.350773 0.523660 0.523916 0.524017 0.523298 0.523666 0.524624 0.523299 0.523500 0.523520 
0.351631 0.524626 0.524945 0.524929 0.524752 0.525456 0.526036 0.524906 0.525174 0.524669 
0.369101 0.547587 0.548854 0.547924 0.547042 0.547501 0.548495 0.545569 0.547597 0.547580 
0.381342 0.563864 0.563633 0.567033 0.563707 0.563746 0.563128 0.563029 0.565850 0.563233 
0.390972 0.576600 0.578788 0.577188 0.575707 0.577026 0.577293 0.576125 0.576210 0.576274 
0.401478 0.589873 0.591140 0.589967 0.589113 0.590096 0.590128 0.588958 0.589245 0.589645 
0.407267 0.597101 0.597947 0.597293 0.596501 0.597299 0.597201 0.596690 0.596429 0.597014 
0.415312 0.607192 0.607189 0.607265 0.606821 0.607487 0.607073 0.607133 0.606451 0.606459 
0.421856 0.615312 0.615100 0.615293 0.615118 0.615450 0.615025 0.616175 0.614531 0.615582 
0.428384 0.623593 0.623677 0.623411 0.623714 0.624188 0.623117 0.623941 0.623312 0.622961 
0.440660 0.638012 0.637962 0.637756 0.638114 0.638563 0.637542 0.638514 0.638195 0.637641 
0.446642 0.645296 0.645156 0.643892 0.645422 0.645452 0.644671 0.645595 0.645260 0.644946 
0.458463 0.659593 0.659647 0.659115 0.660015 0.660359 0.658909 0.659484 0.660512 0.659602 
0.468379 0.671768 0.671302 0.670816 0.671980 0.670490 0.670578 0.671326 0.670937 0.671495 
0.461481 0.663324 0.663037 0.662480 0.663436 0.663768 0.662283 0.662834 0.664018 0.663055 
0.485965 0.691224 0.690678 0.692875 0.691256 0.691611 0.690776 0.692189 0.693118 0.691815 
0.501176 0.707561 0.707409 0.708453 0.707975 0.708463 0.708518 0.708863 0.710847 0.708396 
0.508930 0.716028 0.715979 0.716687 0.716473 0.716696 0.716197 0.717125 0.718551 0.716745 
0.534864 0.744722 0.744921 0.745038 0.745412 0.745149 0.744716 0.744806 0.745043 0.744636 
0.532542 0.742403 0.742498 0.742650 0.743019 0.742729 0.742183 0.742348 0.742615 0.742157 
0.535279 0.744800 0.745101 0.744669 0.745349 0.744672 0.744708 0.745197 0.744726 0.745114 
0.548874 0.758104 0.759163 0.759255 0.759256 0.758556 0.758746 0.758528 0.759233 0.759569 
0.557716 0.766830 0.768017 0.767809 0.768229 0.768216 0.768867 0.768242 0.768195 0.768270 
0.559462 0.768295 0.769889 0.769643 0.770090 0.770061 0.770732 0.770076 0.769967 0.770119 
0.579410 0.787506 0.789973 0.789917 0.789069 0.789469 0.788912 0.789599 0.790488 0.789586 
0.586622 0.796361 0.797179 0.797113 0.796679 0.796548 0.796227 0.796362 0.798676 0.796805 
0.601148 0.809111 0.811860 0.809031 0.809842 0.810138 0.809468 0.810865 0.812967 0.812333 
0.664536 0.864045 0.864194 0.864473 0.863968 0.864495 0.864625 0.864841 0.864379 0.864365 
0.664678 0.865181 0.864303 0.864585 0.864720 0.864615 0.864731 0.864943 0.864506 0.864477 
0.664563 0.865106 0.864215 0.864495 0.863989 0.864514 0.864646 0.864861 0.864409 0.864387 
0.666930 0.865920 0.866030 0.866349 0.865863 0.866169 0.866427 0.866548 0.866828 0.866177 
0.666308 0.865445 0.865586 0.865956 0.865266 0.865694 0.865834 0.866136 0.866782 0.865778 
0.672349 0.870173 0.870209 0.870662 0.870081 0.871363 0.870418 0.870435 0.871014 0.870512 
0.683013 0.879414 0.879165 0.879807 0.878434 0.878758 0.878453 0.878802 0.879167 0.879390 
0.694234 0.885308 0.886666 0.886627 0.886790 0.886101 0.886500 0.885908 0.886740 0.887068 
0.710276 0.898155 0.898535 0.898195 0.895536 0.897351 0.898143 0.896762 0.897850 0.899101 
0.719450 0.907079 0.905711 0.905304 0.906085 0.904545 0.905016 0.903781 0.904776 0.906299 
0.749533 0.922714 0.921671 0.923586 0.923469 0.926582 0.920658 0.924791 0.924363 0.923115 
0.753165 0.924612 0.924343 0.924855 0.925769 0.927574 0.923308 0.927399 0.926184 0.925407 
0.761880 0.929166 0.930756 0.927517 0.931286 0.929955 0.929666 0.933657 0.930551 0.930907 
0.795031 0.947743 0.948615 0.948085 0.949228 0.949803 0.946307 0.949496 0.948841 0.947711 
0.811725 0.955495 0.957041 0.955795 0.956660 0.957154 0.956254 0.956374 0.956494 0.954869 
0.811223 0.955231 0.956762 0.955521 0.956385 0.956867 0.955827 0.956087 0.956212 0.954604 
0.821327 0.959975 0.961693 0.960198 0.961056 0.961362 0.960977 0.960496 0.960806 0.959060 
0.879979 0.982201 0.982648 0.982233 0.982152 0.982497 0.982142 0.982157 0.982675 0.981983 
0.881058 0.982236 0.982920 0.982531 0.982588 0.982777 0.982418 0.982402 0.982952 0.982349 
0.881056 0.981544 0.982919 0.982530 0.982592 0.982596 0.982418 0.982402 0.982950 0.982344 
0.890355 0.984721 0.985263 0.985098 0.986342 0.985194 0.984799 0.984513 0.985333 0.985500 
0.906559 0.989594 0.991800 0.989057 0.988900 0.990616 0.988673 0.989438 0.989051 0.988680 
0.923521 0.992955 0.992442 0.992807 0.992102 0.997077 0.992896 0.992754 0.992484 0.992356 
0.943086 0.995990 0.995553 0.995958 0.995414 0.998938 0.996045 0.995289 0.995575 0.995620 
0.960909 0.997318 0.998171 0.997682 0.997887 0.998056 0.999052 0.998390 0.997050 0.998118 
0.980114 0.999315 0.999474 0.999727 0.999857 0.999662 0.999659 0.999537 0.999502 0.999732 
1.000000 1.000000 1.000000 0.000428 0.000000 1.000000 0.999999 1.000000 1.000000 1.000000 
