0.000000 0.965346 1.000000 0.001364 0.000000 0.996382 0.825291 0.999999 0.988386 0.999989 
0.009020 0.009050 0.005700 0.009661 0.999983 0.014672 0.009619 0.002661 0.008761 0.013488 
0.017755 0.029185 0.021931 0.026329 0.000123 0.028222 0.028445 0.028956 0.035318 0.056281 
0.025002 0.038873 0.032212 0.036533 0.006114 0.038581 0.038256 0.038024 0.044279 0.047444 
0.032271 0.053082 0.049138 0.017434 0.055432 0.046817 0.050567 0.050576 0.052295 0.056089 
0.042401 0.065098 0.072523 0.068825 0.063788 0.065997 0.064138 0.065599 0.059430 0.079976 
0.049498 0.071199 0.082271 0.071190 0.075431 0.069404 0.076986 0.076596 0.061584 0.079155 
0.055779 0.080758 0.087006 0.097705 0.085123 0.077010 0.086614 0.086894 0.083025 0.087372 
0.064489 0.100718 0.104965 0.100782 0.097879 0.094237 0.097993 0.101127 0.081760 0.107039 
0.071720 0.113783 0.096976 0.118471 0.113229 0.111691 0.110738 0.102202 0.109897 0.112777 
0.080488 0.127222 0.113853 0.130463 0.126602 0.129166 0.124789 0.117791 0.123992 0.127703 
0.085242 0.129897 0.133963 0.138127 0.131678 0.130370 0.132195 0.132470 0.127854 0.135087 
0.093382 0.143476 0.147688 0.144551 0.144163 0.144708 0.143099 0.145479 0.139017 0.150140 
0.100045 0.154585 0.157555 0.158437 0.155068 0.157179 0.155096 0.155369 0.150377 0.159373 
0.108977 0.169562 0.170449 0.166733 0.171114 0.181398 0.170621 0.167099 0.170096 0.165937 
0.116093 0.181056 0.181332 0.180825 0.180833 0.189399 0.179067 0.179883 0.180641 0.181768 
0.121577 0.189914 0.189718 0.191684 0.188323 0.195565 0.185576 0.189736 0.188767 0.186876 
0.130843 0.203418 0.209373 0.201552 0.203305 0.215230 0.201781 0.205706 0.201394 0.204702 
0.137110 0.214561 0.213789 0.211364 0.222124 0.213434 0.212065 0.210142 0.211407 0.213084 
0.144550 0.225533 0.224626 0.222316 0.225260 0.224707 0.223433 0.222211 0.222617 0.224465 
0.146028 0.227538 0.226786 0.225141 0.228580 0.228942 0.225636 0.224516 0.223850 0.226486 
0.160457 0.248115 0.249375 0.249075 0.255407 0.246529 0.247303 0.247234 0.248467 0.249515 
0.163100 0.252084 0.251713 0.252712 0.259230 0.250715 0.251376 0.251876 0.252299 0.253555 
0.170958 0.262441 0.263972 0.273327 0.270594 0.263725 0.263690 0.264572 0.263678 0.265360 
0.183861 0.280044 0.281908 0.303125 0.289253 0.284853 0.283393 0.285876 0.282367 0.284830 
0.188819 0.286721 0.289119 0.287884 0.296423 0.293006 0.291040 0.293995 0.289548 0.292299 
0.193053 0.297058 0.295280 0.293719 0.302556 0.298197 0.297546 0.300887 0.295699 0.298659 
0.199110 0.305540 0.303729 0.306212 0.311316 0.308031 0.306884 0.310879 0.304473 0.309016 
0.212933 0.330976 0.327135 0.333461 0.343592 0.330217 0.327388 0.334243 0.325898 0.328573 
0.225459 0.347719 0.343723 0.347154 0.354402 0.346466 0.343929 0.347751 0.338508 0.344968 
0.227810 0.349264 0.353121 0.347564 0.350352 0.352270 0.347689 0.367049 0.347545 0.353606 
0.231287 0.356624 0.352545 0.354436 0.360151 0.355108 0.352727 0.352043 0.345215 0.353687 
0.239310 0.367265 0.358551 0.367166 0.367270 0.376711 0.364373 0.376833 0.368533 0.362088 
0.252216 0.385357 0.381948 0.385122 0.390114 0.384519 0.384289 0.392572 0.386344 0.382958 
0.258974 0.395109 0.391774 0.394368 0.398428 0.393414 0.394484 0.402979 0.397134 0.392707 
0.273625 0.416586 0.413803 0.416246 0.418938 0.409676 0.415372 0.416459 0.416995 0.415604 
0.273458 0.416326 0.413577 0.415977 0.418816 0.415727 0.415109 0.422137 0.417021 0.415246 
0.276921 0.421395 0.420315 0.421038 0.423376 0.413549 0.420158 0.420137 0.421715 0.420631 
0.287685 0.436922 0.428041 0.435852 0.436978 0.439502 0.436271 0.443271 0.439103 0.436108 
0.299324 0.453572 0.451646 0.452693 0.454619 0.452132 0.453862 0.452113 0.452384 0.468503 
0.305057 0.462223 0.459288 0.460544 0.460055 0.457817 0.462014 0.467428 0.465643 0.461221 
0.317515 0.478756 0.476489 0.478091 0.479717 0.475599 0.479321 0.482924 0.479930 0.477194 
0.319477 0.481328 0.471686 0.480861 0.483776 0.478474 0.482040 0.485030 0.481980 0.480146 
0.324624 0.488471 0.485179 0.487215 0.488739 0.487575 0.494953 0.491316 0.484501 0.487208 
0.335387 0.502190 0.501238 0.503325 0.516698 0.501789 0.504098 0.502108 0.498606 0.504090 
0.340726 0.509099 0.509224 0.511213 0.514389 0.508812 0.509583 0.508441 0.498765 0.510666 
0.357207 0.531458 0.531646 0.534231 0.530708 0.531604 0.533278 0.532339 0.527010 0.525554 
0.360687 0.536010 0.536754 0.539255 0.542873 0.536249 0.537419 0.536257 0.527856 0.530019 
0.353582 0.526596 0.526595 0.529097 0.534222 0.526652 0.528431 0.527317 0.522292 0.521989 
0.366464 0.543617 0.545016 0.547591 0.551544 0.544046 0.544221 0.543456 0.534800 0.536876 
0.405306 0.600364 0.594732 0.600809 0.594120 0.590851 0.594862 0.591978 0.592293 0.591714 
0.402222 0.596183 0.590760 0.597194 0.589748 0.586849 0.591746 0.587899 0.588475 0.587790 
0.405803 0.601037 0.595372 0.601391 0.594824 0.591495 0.596006 0.592635 0.592907 0.592346 
0.437095 0.635680 0.637534 0.634710 0.633461 0.633498 0.633403 0.631185 0.632437 0.632813 
0.437365 0.635302 0.637898 0.634997 0.633794 0.633860 0.633717 0.631518 0.632777 0.631861 
0.437095 0.635680 0.637534 0.634710 0.633461 0.633498 0.633403 0.631185 0.632437 0.631493 
0.452123 0.652487 0.646312 0.652180 0.651712 0.653983 0.650887 0.650406 0.651590 0.652394 
0.453142 0.653160 0.658115 0.651175 0.651520 0.654512 0.652867 0.652405 0.652412 0.653319 
0.458649 0.659735 0.653490 0.657698 0.659728 0.662787 0.658620 0.658546 0.659858 0.660854 
0.455600 0.656167 0.662468 0.654413 0.656310 0.658337 0.654927 0.653983 0.655813 0.656744 
0.452346 0.652485 0.646446 0.651365 0.651715 0.653824 0.651984 0.651699 0.651615 0.655262 
0.487821 0.697274 0.692211 0.692347 0.694103 0.692527 0.700668 0.693365 0.709609 0.696150 
0.507440 0.715379 0.713537 0.711351 0.719412 0.713614 0.718323 0.713047 0.727197 0.716895 
0.507440 0.717766 0.713537 0.711351 0.719412 0.713614 0.718323 0.713047 0.727197 0.716895 
0.522738 0.733347 0.730427 0.708097 0.735934 0.730346 0.731728 0.730527 0.737085 0.732420 
0.542663 0.753523 0.752509 0.738364 0.751188 0.752187 0.756631 0.752671 0.748771 0.750620 
0.542371 0.753136 0.753026 0.752769 0.757479 0.751862 0.748951 0.741826 0.748776 0.750679 
0.540037 0.750679 0.749603 0.736351 0.754974 0.749311 0.753776 0.749717 0.747163 0.748106 
0.560050 0.771348 0.771624 0.764796 0.776231 0.771157 0.764423 0.773160 0.761201 0.770285 
0.561793 0.765538 0.772618 0.763999 0.772466 0.772531 0.767235 0.767574 0.766318 0.774367 
0.574847 0.779884 0.788238 0.776633 0.784981 0.786467 0.781566 0.783525 0.779210 0.775813 
0.590986 0.790697 0.807191 0.794522 0.803227 0.805325 0.799966 0.802160 0.798153 0.794337 
0.634358 0.839911 0.840950 0.842085 0.851528 0.841977 0.839290 0.844209 0.835679 0.839519 
0.650560 0.854193 0.853723 0.853389 0.859345 0.857191 0.851871 0.855676 0.849399 0.855398 
0.639716 0.844631 0.845171 0.845083 0.854112 0.847074 0.843447 0.840799 0.840216 0.847564 
0.638553 0.843500 0.844570 0.844575 0.852928 0.846678 0.843569 0.839939 0.839217 0.846587 
0.662094 0.864410 0.862881 0.860276 0.864913 0.868097 0.860843 0.863856 0.859180 0.863668 
0.666850 0.868576 0.866590 0.870374 0.867344 0.856000 0.864289 0.865017 0.863196 0.867202 
0.679062 0.882402 0.875666 0.876056 0.870435 0.882671 0.878966 0.875769 0.875012 0.876729 
0.683312 0.883991 0.881324 0.878978 0.880401 0.881552 0.868709 0.878846 0.877256 0.880172 
0.696232 0.889542 0.889711 0.888748 0.877413 0.898325 0.887593 0.887158 0.888132 0.888439 
0.712725 0.908988 0.902726 0.900137 0.899366 0.917808 0.900170 0.899969 0.902040 0.900323 
0.707231 0.904148 0.898399 0.896573 0.886686 0.910406 0.895873 0.895784 0.897388 0.896356 
0.881295 0.982754 0.982867 0.988814 0.984834 0.982981 0.982412 0.983934 0.983224 0.982154 
0.879831 0.984177 0.981117 0.982515 0.981049 0.982637 0.982409 0.983772 0.983053 0.979201 
0.885352 0.985044 0.983000 0.983075 0.987464 0.983294 0.984638 0.984171 0.983723 0.981813 
0.884770 0.984313 0.982845 0.983103 0.986230 0.983234 0.984408 0.987378 0.983677 0.981779 
0.881011 0.984209 0.981530 0.979323 0.982287 0.982780 0.982887 0.984634 0.983202 0.979817 
0.881640 0.990798 0.983139 0.982996 0.985956 0.983162 0.983364 0.984057 0.983348 0.982864 
0.881016 0.985688 0.982492 0.994187 0.982549 0.982949 0.982773 0.983935 0.983478 0.982034 
0.881640 0.990798 0.983139 0.982996 0.985956 0.983162 0.983364 0.984057 0.983348 0.982046 
0.881612 0.991420 0.983183 0.982893 0.987388 0.983106 0.982956 0.984017 0.983691 0.982402 
0.880308 0.978705 0.981656 0.983321 0.976769 0.982773 0.982641 0.983845 0.983149 0.981518 
0.890009 0.989924 0.986329 0.984676 0.987988 0.985315 0.985534 0.985170 0.980337 0.987582 
0.931999 0.996880 0.994758 0.994431 0.994370 0.998316 0.992697 0.993133 0.996519 0.995700 
0.934012 0.996983 0.994955 0.994641 0.994561 0.999862 0.992988 0.993401 0.996646 0.995870 
0.946525 0.997684 0.996270 0.996855 0.995864 0.999987 0.995291 0.995906 0.997405 0.996888 
0.961667 0.998522 0.997845 0.999382 0.997421 0.999575 0.999373 0.998796 0.998329 0.998128 
0.980905 0.999383 0.999548 0.999537 0.999008 0.999672 0.999778 0.999648 0.999611 0.999822 
1.000000 1.000000 0.999984 0.006525 0.000000 1.000000 0.999521 0.999998 0.999997 0.999998 
