1.000000 1.000000 1.000000 1.000000 1.000000 1.000000 1.000000 1.000000 1.000000 1.000000 
1.000000 1.000000 1.000000 1.000000 1.000000 1.000000 1.000000 1.000000 1.000000 1.000000 
1.000000 1.000000 1.000000 1.000000 1.000000 1.000000 1.000000 1.000000 1.000000 1.000000 
1.000000 1.000000 1.000000 1.000000 1.000000 1.000000 1.000000 1.000000 1.000000 1.000000 
1.000000 1.000000 1.000000 1.000000 1.000000 1.000000 1.000000 1.000000 1.000000 1.000000 
1.000000 1.000000 1.000000 1.000000 1.000000 1.000000 1.000000 1.000000 1.000000 1.000000 
0.959215 0.998010 0.998121 0.998103 0.997924 0.998746 0.000092 0.997935 0.997915 0.997974 
0.959215 0.998016 0.998117 0.998103 0.997924 0.998761 0.000201 0.997922 0.997916 0.997970 
0.959215 0.998019 0.998115 0.998103 0.997924 0.998767 0.000034 0.997916 0.997917 0.997968 
0.959216 0.997885 0.998241 0.998103 0.997919 0.997665 0.000283 0.998273 0.997890 0.998089 
0.959217 0.997744 0.998247 0.997965 0.997918 0.998212 0.001018 0.998332 0.997889 0.998064 
0.959217 0.997762 0.998250 0.997968 0.997918 0.998357 0.000066 0.998332 0.997889 0.998068 
0.959217 0.997747 0.998247 0.997991 0.997919 0.998428 0.000261 0.998262 0.997894 0.998068 
0.959217 0.997735 0.998253 0.997963 0.997918 0.998356 0.000100 0.998349 0.997888 0.998069 
0.959217 0.997781 0.998248 0.997989 0.998140 0.998250 0.000100 0.998323 0.997889 0.998071 
0.959216 0.997834 0.998244 0.998103 0.997918 0.998351 0.000304 0.998300 0.997889 0.998093 
0.959217 0.997746 0.998247 0.997969 0.997918 0.998372 0.000998 0.998331 0.997889 0.998065 
0.869655 0.978820 0.000002 0.978892 0.013184 0.976271 0.980747 0.979894 0.979181 0.978532 
0.861027 0.976498 0.000000 0.976459 0.000000 0.975662 0.976667 0.976406 0.975636 0.976325 
0.858425 0.975373 0.000000 0.975704 0.000003 0.975467 0.975429 0.975347 0.975029 0.975636 
0.858317 0.975335 0.000000 0.975673 0.000003 0.975459 0.975378 0.975303 0.975004 0.975608 
0.859013 0.975575 0.000000 0.975872 0.000000 0.975510 0.975708 0.975585 0.975165 0.975789 
0.859014 0.975575 0.000000 0.975872 0.000000 0.975510 0.975708 0.975585 0.975165 0.975789 
0.859021 0.975578 0.000000 0.975874 0.000000 0.975510 0.975712 0.975588 0.975166 0.975791 
0.858416 0.975370 0.000000 0.975751 0.000003 0.975467 0.975425 0.975343 0.975027 0.975634 
0.859023 0.975554 0.000000 0.975874 0.000000 0.975510 0.975712 0.975589 0.975166 0.975790 
0.766720 0.928978 0.935580 0.933925 0.934286 0.934133 0.934185 0.934880 0.932509 0.935592 
0.773322 0.000396 0.936839 0.939203 0.935972 0.939399 0.938931 0.936948 0.937641 0.934130 
0.754257 0.923377 0.929225 0.927555 0.928377 0.927881 0.927840 0.924678 0.926456 0.929530 
0.747771 0.919383 0.924707 0.924529 0.923002 0.923440 0.923850 0.921069 0.922182 0.925258 
0.739108 0.915184 0.918357 0.916614 0.917006 0.916712 0.917711 0.915208 0.914964 0.917437 
0.730068 0.908712 0.911702 0.911180 0.911357 0.908563 0.911377 0.909969 0.909775 0.911846 
0.718247 0.900251 0.903000 0.904076 0.903971 0.897910 0.903095 0.903120 0.903725 0.904537 
0.707395 0.894056 0.894549 0.894958 0.895287 0.895139 0.893518 0.894317 0.893014 0.896118 
0.696801 0.889560 0.888241 0.886683 0.889931 0.889627 0.887019 0.889160 0.886738 0.889852 
0.685639 0.880393 0.878280 0.877460 0.880336 0.879872 0.877155 0.879886 0.877280 0.880398 
0.665832 0.865408 0.863602 0.867126 0.865474 0.864749 0.862908 0.865413 0.863667 0.866782 
0.663062 0.862963 0.861406 0.864601 0.863169 0.862374 0.860724 0.863123 0.861469 0.864517 
0.647532 0.850104 0.848773 0.851515 0.850393 0.849376 0.853010 0.850675 0.849623 0.852632 
0.633011 0.000029 0.838625 0.836960 0.839306 0.836427 0.836605 0.839205 0.839222 0.840675 
0.621320 0.001751 0.828246 0.826569 0.828344 0.826601 0.827851 0.828556 0.828242 0.830345 
0.608294 0.000000 0.816698 0.815030 0.816149 0.815822 0.817168 0.816693 0.817448 0.819091 
0.596887 0.000000 0.806546 0.804835 0.805426 0.805977 0.806663 0.806298 0.804538 0.808622 
0.550360 0.763575 0.760017 0.762350 0.764125 0.757175 0.758332 0.760830 0.759913 0.758626 
0.552104 0.765258 0.760103 0.763674 0.765083 0.758416 0.760168 0.762883 0.761602 0.760677 
0.553656 0.767005 0.761480 0.766064 0.766782 0.760030 0.761882 0.764621 0.763349 0.762428 
0.535668 0.745863 0.744827 0.745599 0.745798 0.744364 0.742492 0.745404 0.744556 0.741691 
0.528396 0.737281 0.738068 0.737601 0.737266 0.738146 0.734671 0.737409 0.737014 0.733291 
0.519118 0.729818 0.730379 0.729958 0.729595 0.726483 0.726904 0.729721 0.729403 0.725415 
0.504788 0.712304 0.710763 0.710228 0.709650 0.711354 0.708223 0.710951 0.709356 0.706977 
0.485437 0.685816 0.689858 0.687943 0.685193 0.691302 0.686705 0.690629 0.688289 0.695731 
0.472264 0.671460 0.674690 0.673447 0.676895 0.670896 0.672812 0.676444 0.673675 0.677963 
0.461726 0.662990 0.660979 0.659796 0.663675 0.662244 0.658975 0.662141 0.659915 0.665702 
0.453688 0.651982 0.651384 0.650710 0.652256 0.652564 0.649945 0.652930 0.654597 0.655166 
0.447254 0.645460 0.643401 0.642940 0.646080 0.644860 0.642125 0.645448 0.642761 0.647385 
0.428156 0.627369 0.621838 0.621169 0.621344 0.623960 0.621787 0.624494 0.619863 0.623160 
0.417828 0.611038 0.610188 0.609402 0.607929 0.612668 0.610804 0.613496 0.607481 0.610051 
0.387604 0.572189 0.570702 0.571807 0.573448 0.572845 0.572291 0.573088 0.571216 0.571855 
0.389642 0.575868 0.573397 0.574411 0.576287 0.575654 0.574992 0.576043 0.574433 0.574519 
0.373987 0.554415 0.552687 0.554283 0.554411 0.554092 0.554184 0.554836 0.553963 0.553635 
0.366612 0.544543 0.543155 0.545277 0.546431 0.544497 0.544675 0.545094 0.544201 0.544106 
0.352315 0.526444 0.524698 0.526944 0.525072 0.527298 0.525959 0.525624 0.526529 0.525373 
0.341755 0.511728 0.510262 0.512020 0.510785 0.512474 0.511418 0.510983 0.511686 0.512768 
0.328569 0.493317 0.492398 0.494230 0.492878 0.493813 0.493605 0.493065 0.493374 0.492085 
0.321378 0.483057 0.483223 0.484247 0.483700 0.483079 0.483981 0.483191 0.483132 0.483671 
0.295839 0.447637 0.447763 0.449039 0.448243 0.447750 0.448853 0.447927 0.447533 0.448562 
0.294631 0.446043 0.446073 0.447201 0.446202 0.446111 0.447026 0.444240 0.445789 0.446411 
0.284673 0.431832 0.431889 0.432832 0.431205 0.432552 0.432433 0.430491 0.430722 0.431881 
0.266489 0.406472 0.406393 0.407354 0.405117 0.407583 0.406861 0.404350 0.405902 0.406150 
0.261486 0.399472 0.399461 0.400352 0.398044 0.400633 0.399869 0.397200 0.397614 0.399224 
0.247646 0.378284 0.378629 0.379225 0.378444 0.381278 0.380627 0.380161 0.376542 0.379995 
0.238885 0.365882 0.366403 0.368804 0.366171 0.369056 0.368462 0.367985 0.363987 0.367827 
0.225707 0.346501 0.346922 0.349505 0.347526 0.351212 0.347342 0.345845 0.348863 0.346605 
0.218437 0.332157 0.336452 0.335946 0.335801 0.340785 0.342111 0.335329 0.336423 0.336116 
0.207226 0.314191 0.319399 0.322396 0.318639 0.321475 0.324250 0.318149 0.319204 0.318896 
0.193436 0.301533 0.298932 0.306143 0.299430 0.299076 0.300782 0.294950 0.300513 0.296884 
0.183055 0.274071 0.283066 0.288272 0.282616 0.284042 0.282777 0.287453 0.284130 0.281323 
0.141750 0.215129 0.223605 0.220558 0.221691 0.222272 0.222229 0.218244 0.218682 0.218312 
0.167012 0.252638 0.258013 0.257161 0.257386 0.260697 0.251256 0.258541 0.258089 0.256983 
0.140348 0.212935 0.221545 0.218405 0.216255 0.220119 0.220139 0.216113 0.216507 0.216169 
0.146484 0.220895 0.226701 0.225711 0.227375 0.228726 0.214988 0.227888 0.228078 0.225394 
0.128477 0.200355 0.199363 0.200593 0.200795 1.000000 0.200438 0.201058 0.200175 0.199930 
0.128477 0.200355 0.199363 0.200593 0.200795 0.999999 0.200435 0.201058 0.200175 0.199930 
0.039674 0.060510 0.061860 0.061853 0.062121 0.058924 0.062043 0.061366 0.061842 0.061519 
0.039675 0.060443 0.061942 0.061853 0.062129 0.058723 0.062545 0.061366 0.061842 0.061519 
0.039666 0.060502 0.062421 0.061853 0.062122 0.063327 0.058472 0.062502 0.061842 0.061519 
0.039666 0.060510 0.062407 0.061853 0.062121 0.063332 0.066208 0.062492 0.061842 0.061519 
0.039674 0.060510 0.061839 0.061853 0.062121 0.058813 0.062135 0.061366 0.063273 0.061519 
0.039673 0.060510 0.061927 0.061853 0.062121 0.058486 0.062797 0.061539 0.063051 0.061519 
0.039672 0.060510 0.062593 0.061853 0.062121 0.062811 0.058842 0.060480 0.061842 0.061519 
0.039671 0.060524 0.062719 0.062671 0.062120 0.063861 0.057907 0.062340 0.061842 0.061519 
0.039672 0.060528 0.062777 0.061853 0.062119 0.063963 0.057799 0.062308 0.061842 0.061519 
0.039666 0.060500 0.062425 0.061853 0.062122 0.067534 0.063407 0.062505 0.061905 0.061519 
0.039673 0.060510 0.061933 0.061853 0.062121 0.067898 0.062804 0.061551 0.063038 0.061519 
0.000000 0.976946 0.001457 0.000042 1.000000 0.999440 0.043159 0.866746 0.000001 0.998874 
0.000000 0.999190 0.007015 0.000007 0.856621 0.999845 0.255755 0.999988 0.000001 0.999591 
0.000000 0.996014 0.001906 0.000001 0.847730 0.999961 0.198022 0.999998 0.000000 0.999945 
0.000000 0.976946 0.001457 0.000042 1.000000 0.999440 0.043159 0.866746 0.635675 0.998874 
0.000000 0.999044 0.002608 0.376468 0.830700 0.999939 0.294653 0.999986 0.000001 0.817927 
0.000000 0.999850 0.000717 0.000000 0.938263 0.999991 0.067290 1.000000 0.165495 0.999998 
