0.000000 0.340371 0.000302 0.359724 0.998351 0.996523 0.067359 0.959547 0.586718 0.999863 
0.000000 0.000798 0.002431 0.000185 0.999871 0.992573 0.342525 0.017215 0.999966 0.999991 
0.000000 0.582007 0.000087 0.615053 0.997423 0.998949 0.031677 0.993794 0.266220 0.999946 
0.000000 0.003748 0.001000 0.000032 0.999967 0.999909 0.873899 0.003325 0.999990 0.999999 
0.000000 0.000785 0.001200 0.000183 0.999867 0.991773 0.342787 0.016985 0.999967 0.981167 
0.000000 0.000798 0.022245 0.000185 0.999871 0.992573 0.342525 0.017215 0.999966 0.999991 
0.062113 0.097616 0.097493 0.097752 0.097388 0.097233 0.097199 0.097321 0.097564 0.999952 
0.062113 0.097627 0.097490 0.097749 0.097387 0.097230 0.097291 0.097321 0.097701 1.000000 
0.062113 0.097578 0.097459 0.097760 0.097386 0.097245 0.097653 0.097321 0.097701 0.999964 
0.062113 0.097530 0.097462 0.097771 0.097389 0.097260 0.097108 0.097321 0.097701 1.000000 
0.062113 0.097578 0.097479 0.097760 0.097402 0.097245 0.097155 0.097321 0.097701 0.999998 
0.062113 0.097578 0.097479 0.097760 0.097402 0.097245 0.097155 0.097321 0.097701 0.999990 
0.062113 0.097571 0.097477 0.097762 0.097388 0.097247 0.097152 0.097321 0.097701 1.000000 
0.062113 0.097574 0.097478 0.097761 0.097388 0.097246 0.097153 0.097321 0.097701 1.000000 
0.062113 0.097574 0.097478 0.097761 0.097388 0.097246 0.097153 0.097321 0.097701 1.000000 
0.062113 0.097574 0.097478 0.097761 0.097388 0.097246 0.097153 0.097321 0.097701 0.999999 
0.062113 0.097574 0.097478 0.097761 0.097388 0.097246 0.097153 0.097321 0.097701 1.000000 
0.196917 0.306028 0.307884 0.306342 0.305687 0.303049 0.305500 0.305854 0.306730 0.307420 
0.212635 0.326965 0.328499 0.328491 0.327838 0.327144 0.328184 0.328544 0.327750 0.327000 
0.216344 0.331900 0.333398 0.333414 0.332833 0.332704 0.333110 0.333450 0.332686 0.333107 
0.216345 0.332161 0.333305 0.333417 0.334375 0.332728 0.333087 0.333459 0.332686 0.333108 
0.216344 0.331900 0.333398 0.333414 0.332427 0.332704 0.333110 0.333450 0.332686 0.333107 
0.216328 0.332172 0.333169 0.333489 0.334361 0.332980 0.332806 0.333516 0.332663 0.333055 
0.215903 0.332699 0.332212 0.333893 0.333909 0.332796 0.332149 0.332768 0.332152 0.332099 
0.216344 0.331888 0.333403 0.333413 0.332764 0.332703 0.333111 0.333449 0.332686 0.331938 
0.216353 0.332174 0.332276 0.333450 0.334385 0.332984 0.332845 0.333563 0.332693 0.333118 
0.216345 0.332161 0.333305 0.333415 0.334375 0.332727 0.331915 0.333458 0.332686 0.333107 
0.216391 0.331803 0.333528 0.333363 0.332643 0.332693 0.333212 0.333521 0.333010 0.331921 
0.467606 0.670116 0.670609 0.670139 0.668540 0.670813 0.669548 0.670345 0.670111 0.670593 
0.470001 0.672765 0.673251 0.672957 0.671727 0.673386 0.672801 0.672794 0.673201 0.673458 
0.467615 0.669811 0.670620 0.670146 0.668557 0.670821 0.669557 0.670354 0.670121 0.670601 
0.465057 0.666855 0.667850 0.667175 0.665284 0.667946 0.666454 0.666462 0.667271 0.667530 
0.467902 0.670383 0.670939 0.670490 0.669045 0.669461 0.669974 0.670638 0.670252 0.670947 
0.468888 0.671272 0.672037 0.671658 0.670726 0.672284 0.671393 0.671612 0.670718 0.672123 
0.470885 0.673765 0.674203 0.673979 0.672846 0.674391 0.673836 0.674663 0.674141 0.674519 
0.465037 0.666833 0.667829 0.667153 0.665259 0.667924 0.666431 0.666315 0.667250 0.666560 
0.472219 0.675378 0.675664 0.675542 0.674595 0.675848 0.675582 0.676260 0.675781 0.676118 
0.466964 0.668420 0.669907 0.669385 0.667772 0.670107 0.668763 0.669640 0.669350 0.669867 
0.478464 0.682350 0.682366 0.682743 0.682442 0.683016 0.682717 0.682105 0.682205 0.683628 
0.488504 0.694015 0.693592 0.693506 0.694198 0.694454 0.694991 0.693604 0.694639 0.694200 
0.488448 0.694108 0.693549 0.694445 0.694277 0.693821 0.695008 0.693282 0.694816 0.694163 
0.488411 0.694112 0.694350 0.694670 0.694271 0.693689 0.694965 0.693201 0.694822 0.694185 
0.488406 0.694108 0.693425 0.694727 0.694287 0.694112 0.694886 0.693159 0.694839 0.694185 
0.488436 0.694126 0.693541 0.694615 0.694293 0.693695 0.695012 0.693218 0.694851 0.694156 
0.488362 0.694080 0.693836 0.695165 0.694413 0.693975 0.694277 0.692837 0.694970 0.694185 
0.488435 0.693356 0.693228 0.694570 0.694218 0.693881 0.694732 0.693517 0.694782 0.694185 
0.488414 0.694113 0.693346 0.694642 0.694263 0.693672 0.695004 0.693222 0.694813 0.694185 
0.488432 0.693185 0.693302 0.694632 0.694201 0.693971 0.694564 0.693278 0.694798 0.694185 
0.488415 0.694084 0.693341 0.694639 0.694337 0.693680 0.694994 0.693225 0.694812 0.694185 
0.488444 0.693029 0.693178 0.694539 0.694164 0.693971 0.694615 0.693356 0.694768 0.694186 
0.648679 0.850268 0.851532 0.850195 0.852396 0.850858 0.850025 0.851397 0.852121 0.850674 
0.645853 0.848351 0.845686 0.849285 0.850549 0.848976 0.849108 0.850025 0.849489 0.848036 
0.645853 0.848351 0.845686 0.849285 0.847132 0.848976 0.849108 0.850025 0.849489 0.848036 
0.653820 0.853745 0.853368 0.853602 0.855745 0.854272 0.855744 0.854798 0.855466 0.854483 
0.654224 0.854018 0.853513 0.853870 0.856009 0.854540 0.856193 0.855065 0.856884 0.854783 
0.654239 0.854027 0.853526 0.853879 0.856018 0.854549 0.856271 0.855074 0.856948 0.854743 
0.723819 0.907348 0.907444 0.907380 0.907455 0.907570 0.000004 0.907436 0.907304 0.907897 
0.723307 0.906960 0.907038 0.906998 0.907082 0.907230 0.003279 0.907058 0.906924 0.907503 
0.723855 0.907376 0.907472 0.907408 0.907481 0.907597 0.000000 0.907463 0.907330 0.907924 
0.723819 0.907348 0.907444 0.907380 0.907456 0.907616 0.000001 0.907436 0.907304 0.907897 
0.726945 0.909618 0.909500 0.909082 0.909615 0.909138 0.000004 0.909659 0.909350 0.910439 
0.740264 0.919089 0.918336 0.919048 0.918822 0.918361 0.001229 0.918728 0.914838 0.917171 
0.740264 0.919089 0.918336 0.919048 0.918822 0.918361 0.006721 0.918728 0.914838 0.916819 
0.793126 0.947559 0.946116 0.945627 0.946991 0.950583 0.956009 0.948548 0.946245 0.947555 
0.790055 0.947263 0.945783 0.945332 0.946384 0.950904 0.957930 0.946293 0.945588 0.947052 
0.795822 0.948985 0.948310 0.946734 0.949222 0.944969 0.958588 0.947813 0.950569 0.948748 
0.792506 0.947314 0.945857 0.945374 0.946468 0.950729 0.958141 0.946338 0.945735 0.947102 
0.806994 0.956377 0.958494 0.953054 0.956600 0.954424 0.948494 0.954489 0.956221 0.956045 
0.806994 0.956377 0.958494 0.953054 0.956600 0.954424 0.948494 0.956154 0.956221 0.957246 
0.805501 0.953982 0.954279 0.951422 0.961905 0.952794 0.946641 0.952605 0.954763 0.955246 
0.816923 0.961436 0.964796 0.957505 0.961722 0.959914 0.970844 0.959183 0.960990 0.961018 
0.822806 0.966157 0.966191 0.961605 0.966490 0.964219 0.964816 0.963504 0.965073 0.965673 
0.852954 0.974670 0.975265 0.973285 0.973558 0.974467 0.972332 0.973133 0.973694 0.974577 
0.854427 0.974944 0.975506 0.972682 0.973734 0.974822 0.973610 0.973702 0.973880 0.974903 
0.846794 0.972296 0.972760 0.971772 0.969231 0.972235 0.972244 0.971441 0.969408 0.972308 
0.855376 0.975273 0.975847 0.972795 0.974294 0.975143 0.974668 0.973983 0.974436 0.975225 
0.861764 0.976863 0.977382 0.971501 0.976233 0.976927 0.976670 0.976223 0.976389 0.976935 
0.872502 0.979837 0.979597 0.979550 0.978589 0.979976 0.979577 0.979378 0.980101 0.979922 
0.875237 0.980877 0.980467 0.981010 0.979621 0.981072 0.980846 0.980585 0.981423 0.980989 
0.885539 0.984013 0.984573 0.983348 0.981167 0.984357 0.984025 0.983802 0.983149 0.984221 
0.888465 0.984681 0.985217 0.984066 0.982666 0.984980 0.984693 0.984479 0.983935 0.984916 
0.895829 0.985344 0.985565 0.985415 0.986576 0.986440 0.987346 0.988168 0.986809 0.986053 
0.903022 0.987555 0.987696 0.988280 0.987878 0.989315 0.988436 0.988233 0.989092 0.988727 
0.911236 0.991448 0.990897 0.990504 0.989330 0.991195 0.990599 0.990660 0.991509 0.989516 
0.916446 0.991427 0.991499 0.991874 0.988801 0.992600 0.990993 0.992496 0.992259 0.992004 
0.921242 0.992600 0.992324 0.992262 0.991451 0.992863 0.992161 0.992223 0.993118 0.991061 
0.927628 0.994193 0.993419 0.992842 0.993221 0.993272 0.993692 0.993374 0.994250 0.993228 
0.933881 0.995942 0.994234 0.994242 0.993294 0.994509 0.994538 0.994409 0.994970 0.994342 
0.939546 0.995188 0.994208 0.995219 0.997226 0.995520 0.995848 0.995385 0.994726 0.995437 
0.947284 0.995598 0.996039 0.996838 0.996972 0.997205 0.996228 0.996292 0.997306 0.996471 
0.951395 0.997041 0.996575 0.997762 0.997091 0.999222 0.996736 0.996896 0.997908 0.997112 
0.957040 0.997513 0.997279 0.997812 0.998201 0.997098 0.997693 0.997537 0.998652 0.999502 
0.963010 0.998307 0.998327 0.998697 0.998534 0.997637 0.998322 0.998272 0.999991 0.999102 
0.968301 0.998518 0.999131 0.999121 0.998783 0.999746 0.998164 0.998419 0.999959 0.999158 
0.974004 0.999462 0.999263 0.999565 0.999027 0.999918 0.999254 0.999236 0.999601 0.999160 
0.979269 0.999327 0.999444 0.999751 0.999450 0.999934 0.999497 0.999784 0.999731 0.999529 
0.984522 0.999882 0.999625 0.999937 0.999873 0.999951 0.999740 0.999844 0.999860 0.999896 
0.989762 0.999995 0.999882 0.999968 0.999982 0.999891 0.999857 0.999977 1.000000 0.999986 
0.994916 0.999964 0.999982 0.999982 0.999837 0.999921 0.999994 0.999992 0.999999 0.999991 
1.000000 0.999992 1.000000 1.000000 1.000000 0.000127 0.001901 0.000138 0.999998 0.000000 
