1.000000 1.000000 1.000000 0.000000 1.000000 1.000000 0.000000 1.000000 1.000000 0.000001 
1.000000 1.000000 1.000000 0.000000 1.000000 1.000000 0.000000 1.000000 1.000000 0.000007 
1.000000 1.000000 1.000000 0.000000 1.000000 1.000000 0.000000 1.000000 1.000000 0.000007 
1.000000 1.000000 1.000000 0.000000 1.000000 1.000000 0.000000 1.000000 1.000000 0.000007 
1.000000 1.000000 1.000000 0.000000 1.000000 1.000000 0.000000 1.000000 1.000000 0.000010 
1.000000 1.000000 1.000000 0.000000 1.000000 1.000000 0.000000 1.000000 0.999999 0.000003 
0.959053 0.997651 0.997885 0.998493 0.997895 0.000000 0.000019 0.997698 0.000000 0.001156 
0.957079 0.997634 0.997860 0.997805 0.997688 0.001516 0.000507 0.997694 0.000001 0.000802 
0.948244 0.007884 0.997573 0.998928 0.000000 0.994661 0.000005 0.996322 0.996060 0.994705 
0.943163 0.000574 0.997427 0.999132 0.007925 0.997564 0.000001 0.995675 0.999351 0.997509 
0.946391 0.002063 0.997513 0.999218 0.000000 0.999556 0.005284 0.996010 0.998605 0.998314 
0.946198 0.003259 0.997507 0.999248 0.000000 0.999756 0.000002 0.995977 0.999315 0.999324 
0.957294 0.997631 0.997853 0.997697 0.997630 0.000185 0.000660 0.997693 0.000001 0.001245 
0.957764 0.997637 0.997861 0.997718 0.997800 0.000678 0.000680 0.997694 0.000001 0.001637 
0.957964 0.997632 0.997857 0.997795 0.997620 0.000001 0.000100 0.997693 0.000001 0.000283 
0.956409 0.997619 0.997836 0.997660 0.997303 0.000000 0.000616 0.997690 0.000001 0.000186 
0.956397 0.997619 0.997836 0.997659 0.997301 0.000000 0.000617 0.997690 0.000001 0.000259 
0.863774 0.981158 0.000106 0.975693 0.000011 0.973149 0.004345 0.975160 0.974358 0.976241 
0.857915 0.979828 0.000002 0.975693 0.000011 0.975552 0.000001 0.975160 0.974358 0.976241 
0.857915 0.981158 0.000011 0.975693 0.000011 0.975147 0.000130 0.975160 0.974358 0.976241 
0.857915 0.981158 0.000009 0.975693 0.000011 0.975147 0.000767 0.975160 0.974358 0.976241 
0.857915 0.981158 0.000019 0.975693 0.000011 0.975147 0.000767 0.975160 0.974358 0.976241 
0.857915 0.981158 0.000540 0.975693 0.000004 0.975147 0.000862 0.975160 0.974358 0.976241 
0.857915 0.981158 0.000006 0.975693 0.000005 0.975147 0.002656 0.975160 0.974358 0.976241 
0.857915 0.981158 0.000000 0.975693 0.000011 0.975147 0.002656 0.975160 0.974358 0.976241 
0.857915 0.981158 0.000006 0.975693 0.000011 0.975147 0.002656 0.975160 0.974358 0.976241 
0.857915 0.981158 0.000019 0.975693 0.000011 0.975147 0.002656 0.975160 0.974358 0.976241 
0.857915 0.981158 0.002069 0.975693 0.000004 0.975147 0.000851 0.975160 0.974358 0.976241 
0.754457 0.007003 0.033862 0.921802 0.013349 0.919705 0.091957 0.919840 0.920433 0.921098 
0.763660 0.001608 0.021343 0.893287 0.000279 0.928554 0.080753 0.928671 0.929414 0.930031 
0.739625 0.000018 0.000129 0.000699 0.917740 0.000000 0.000054 0.000467 0.914463 0.000172 
0.707766 0.000002 0.000000 0.000105 0.896634 0.895667 0.896143 0.001473 0.895523 0.000000 
0.707859 0.000002 0.000000 0.000105 0.896634 0.895667 0.896143 0.001473 0.895523 0.000000 
0.707859 0.000002 0.008105 0.000103 0.896634 0.895704 0.896142 0.001473 0.895503 0.000000 
0.707859 0.000002 0.017028 0.000106 0.896634 0.895635 0.896145 0.001473 0.895540 0.000000 
0.707859 0.000002 0.000000 0.000105 0.896634 0.895667 0.896143 0.029501 0.895523 0.000000 
0.708261 0.000002 0.000000 0.000212 0.896634 0.892243 0.896305 0.001473 0.897340 0.000000 
0.707859 0.000002 0.000000 0.000238 0.896634 0.891421 0.896344 0.001473 0.897776 0.000000 
0.707859 0.000002 0.000000 0.000238 0.896634 0.891421 0.896344 0.001473 0.897776 0.000000 
0.588513 0.000481 0.800709 0.014133 0.002810 0.797960 0.802017 0.798235 0.797879 0.800235 
0.588513 0.000481 0.800709 0.014133 0.019258 0.797960 0.802017 0.798235 0.797879 0.800235 
0.597839 0.001136 0.812979 0.021227 0.005317 0.807192 0.814011 0.805775 0.809325 0.810039 
0.593682 0.002798 0.808268 0.018321 0.016063 0.802906 0.808587 0.802070 0.804708 0.805540 
0.587903 0.000500 0.808160 0.001783 0.012970 0.796762 0.794816 0.799932 0.794966 0.798823 
0.568369 0.001239 0.779583 0.000627 0.004477 0.776806 0.775558 0.779514 0.776596 0.778146 
0.559830 0.001099 0.763564 0.000073 0.000230 0.768625 0.767979 0.770625 0.768618 0.769517 
0.551323 0.000446 0.756871 0.000006 0.000835 0.759342 0.758963 0.761185 0.759492 0.760030 
0.551214 0.001872 0.756753 0.000006 0.000318 0.759227 0.758846 0.761066 0.759377 0.759911 
0.551323 0.001861 0.756871 0.000006 0.000835 0.759342 0.758963 0.761185 0.759492 0.760030 
0.537902 0.003206 0.742130 0.000003 0.000007 0.745024 0.744438 0.746335 0.745153 0.745285 
0.373881 0.554154 0.553235 0.553480 0.554486 0.553608 0.555891 0.554664 0.549884 0.552814 
0.373907 0.555004 0.553233 0.553715 0.554487 0.553612 0.555890 0.559503 0.549879 0.552810 
0.373564 0.551636 0.551875 0.557760 0.554170 0.553450 0.555577 0.554352 0.548645 0.552892 
0.373669 0.563290 0.553161 0.555414 0.554344 0.553866 0.549006 0.554551 0.554287 0.553087 
0.374133 0.562483 0.553211 0.555789 0.554500 0.553643 0.555885 0.554723 0.549830 0.552771 
0.373929 0.563681 0.553451 0.555442 0.554547 0.553659 0.555940 0.554756 0.550059 0.553417 
0.373919 0.563186 0.553409 0.555486 0.554537 0.553653 0.549087 0.554745 0.553120 0.552862 
0.373929 0.563596 0.553449 0.555425 0.554546 0.553658 0.555940 0.554755 0.550057 0.552858 
0.374089 0.561358 0.553111 0.557330 0.554476 0.553629 0.555862 0.554696 0.549740 0.552788 
0.375356 0.562311 0.554809 0.555940 0.555645 0.552423 0.554736 0.555859 0.559109 0.551565 
0.373577 0.548453 0.551959 0.557680 0.554207 0.553470 0.555597 0.554388 0.548713 0.552985 
0.239955 0.368476 0.368888 0.383750 0.367284 0.369176 0.999970 0.364185 0.372119 0.372383 
0.239992 0.376880 0.368632 0.383849 0.367395 0.369198 0.999942 0.364358 0.366703 0.372407 
0.239887 0.376806 0.368687 0.383689 0.367219 0.369088 0.999968 0.364108 0.366639 0.372290 
0.244003 0.379692 0.366600 0.389963 0.374126 0.373433 0.993521 0.373923 0.370619 0.376915 
0.245537 0.380768 0.365822 0.387943 0.376700 0.375053 0.991118 0.377581 0.372102 0.378640 
0.243977 0.379684 0.366537 0.389955 0.374099 0.373390 0.993463 0.373881 0.369156 0.376881 
0.246763 0.380554 0.373405 0.390800 0.377001 0.378110 0.999730 0.378374 0.394994 0.380621 
0.246760 0.380554 0.373399 0.390799 0.376998 0.378106 0.999285 0.378370 0.394988 0.380617 
0.243977 0.379684 0.366537 0.389955 0.374099 0.373390 0.993463 0.371024 0.369156 0.376881 
0.246770 0.380557 0.373424 0.390802 0.377009 0.378123 0.998516 0.378386 0.395012 0.380631 
0.240238 0.353628 0.368728 0.384184 0.367763 0.369474 0.999518 0.364867 0.372014 0.372700 
0.128589 0.200564 0.200557 0.995101 0.199189 0.999906 0.199849 0.201768 0.203039 0.201691 
0.128589 0.200564 0.200557 0.995101 0.199189 0.999639 0.199849 0.201768 0.203039 0.201691 
0.128589 0.200561 0.200046 0.996473 0.202607 0.999953 0.199849 0.201764 0.203020 0.201695 
0.128589 0.200561 0.200039 0.996492 0.202655 1.000000 0.199849 0.201764 0.203020 0.201695 
0.128589 0.200561 0.200039 0.996492 0.202655 1.000000 0.199849 0.201764 0.203020 0.201695 
0.128589 0.200556 0.199261 0.997192 0.198888 0.999965 0.199849 0.201758 0.202992 0.201701 
0.128589 0.200563 0.200400 0.958103 0.200237 0.999748 0.199849 0.201767 0.203033 0.201692 
0.128589 0.200566 0.200887 0.994212 0.196973 0.999581 0.199849 0.201771 0.197174 0.201688 
0.128589 0.200556 0.199218 0.998701 0.208159 0.999973 0.199849 0.201758 0.202991 0.201701 
0.128589 0.200556 0.199218 0.998701 0.208159 0.999874 0.199849 0.201758 0.202991 0.201701 
0.128589 0.208081 0.199910 0.996145 0.199039 0.999935 0.199849 0.201763 0.203015 0.201696 
0.039645 0.060479 0.061494 0.061791 0.998273 0.060175 0.999035 0.061329 0.062583 0.060705 
0.039645 0.060492 0.061624 0.061738 0.999723 0.060456 0.997643 0.061329 0.063307 0.060705 
0.039645 0.060496 0.061978 0.061737 0.999833 0.061009 0.999879 0.061332 0.064398 0.060705 
0.039645 0.060497 0.062008 0.061733 0.999971 0.061063 0.995764 0.061332 0.064560 0.060705 
0.039645 0.060508 0.061930 0.061689 0.999999 0.061006 0.995659 0.061331 0.064560 0.060705 
0.039645 0.060469 0.061217 0.061804 0.999356 0.059726 0.993296 0.061327 0.061647 0.060705 
0.039645 0.062675 0.061131 0.061868 0.999564 0.059537 0.997536 0.061326 0.064560 0.060705 
0.039645 0.062556 0.061127 0.061829 0.999568 0.059586 0.994044 0.061326 0.064560 0.060705 
0.039645 0.060494 0.061789 0.061599 0.999973 0.060918 0.987531 0.061331 0.064560 0.060705 
0.039645 0.060494 0.061789 0.061599 0.999891 0.060918 0.987531 0.061331 0.064560 0.060705 
0.039645 0.060466 0.061143 0.061830 0.997143 0.059572 0.994043 0.061326 0.061269 0.060705 
0.000000 0.976946 0.001457 0.000042 1.000000 0.999440 0.043159 0.866746 0.000001 0.998874 
0.000000 0.999190 0.007015 0.000007 0.856621 0.999845 0.255755 0.999988 0.000001 0.999591 
0.000000 0.996014 0.001906 0.000001 0.847730 0.999961 0.198022 0.999998 0.000000 0.999945 
0.000000 0.976946 0.001457 0.000042 1.000000 0.999440 0.043159 0.866746 0.635675 0.998874 
0.000000 0.999044 0.002608 0.376468 0.830700 0.999939 0.294653 0.999986 0.000001 0.817927 
0.000000 0.999850 0.000717 0.000000 0.938263 0.999991 0.067290 1.000000 0.165495 0.999998 
