0.000000 0.340371 0.000302 0.359724 0.998351 0.996523 0.067359 0.959547 0.586718 0.999863 
0.000000 0.000798 0.002431 0.000185 0.999871 0.992573 0.342525 0.017215 0.999966 0.999991 
0.000000 0.582007 0.000087 0.615053 0.997423 0.998949 0.031677 0.993794 0.266220 0.999946 
0.000000 0.003748 0.001000 0.000032 0.999967 0.999909 0.873899 0.003325 0.999990 0.999999 
0.000000 0.000785 0.001200 0.000183 0.999867 0.991773 0.342787 0.016985 0.999967 0.981167 
0.000000 0.000798 0.022245 0.000185 0.999871 0.992573 0.342525 0.017215 0.999966 0.999991 
0.062022 0.097175 0.097359 0.097608 0.097118 0.097667 0.097650 0.097180 0.097474 0.096780 
0.073781 0.115833 0.115746 0.115599 0.115581 0.115746 0.115629 0.115511 0.115706 0.116081 
0.086397 0.135112 0.135184 0.135298 0.135266 0.135268 0.135041 0.135368 0.135520 0.135470 
0.098467 0.153555 0.153779 0.154143 0.154098 0.153944 0.153994 0.154365 0.154474 0.153808 
0.107719 0.167928 0.168154 0.168484 0.168457 0.168224 0.168351 0.168326 0.168807 0.168156 
0.121365 0.188925 0.189187 0.189485 0.189536 0.189368 0.189282 0.189597 0.189646 0.189019 
0.134098 0.208653 0.208819 0.208777 0.209467 0.209111 0.208838 0.208870 0.209287 0.208771 
0.147753 0.229638 0.229797 0.229947 0.230289 0.230097 0.229835 0.229943 0.229917 0.229685 
0.150912 0.234518 0.234675 0.234829 0.235195 0.234975 0.234704 0.234833 0.234796 0.234581 
0.168934 0.262250 0.262404 0.262444 0.263018 0.262618 0.262394 0.262366 0.261959 0.262260 
0.176961 0.274103 0.274552 0.274620 0.274935 0.274690 0.274166 0.274210 0.273722 0.274110 
0.198992 0.307798 0.307960 0.308198 0.307600 0.307385 0.307250 0.306608 0.307929 0.307986 
0.211735 0.326363 0.326498 0.326476 0.327077 0.326073 0.326320 0.326561 0.326627 0.326368 
0.217713 0.335061 0.335320 0.335303 0.335591 0.334971 0.335122 0.335383 0.335368 0.335121 
0.236746 0.363027 0.363040 0.363320 0.363188 0.363316 0.362827 0.363285 0.363258 0.362440 
0.251362 0.384304 0.384481 0.384610 0.384607 0.384747 0.384226 0.384773 0.384092 0.383969 
0.265472 0.404800 0.404643 0.405037 0.404728 0.405178 0.405328 0.404883 0.405310 0.404894 
0.278228 0.423075 0.423018 0.423250 0.423033 0.423189 0.423337 0.423230 0.423233 0.422921 
0.292641 0.443647 0.443834 0.443737 0.443791 0.443578 0.443900 0.443982 0.443497 0.443580 
0.297687 0.450947 0.451144 0.450739 0.451066 0.450883 0.451107 0.450762 0.450766 0.450883 
0.297646 0.450888 0.451108 0.450682 0.451007 0.450824 0.451048 0.450707 0.450707 0.450824 
0.293307 0.444608 0.444798 0.444699 0.444752 0.444539 0.444759 0.444946 0.444578 0.444545 
0.347162 0.518895 0.517504 0.518689 0.519441 0.518399 0.519491 0.518635 0.518681 0.519875 
0.360373 0.536281 0.535108 0.535591 0.536369 0.536164 0.536419 0.536411 0.535809 0.536203 
0.372322 0.552500 0.552051 0.551962 0.551923 0.552099 0.551379 0.552354 0.551701 0.551438 
0.384764 0.568184 0.568207 0.567755 0.567767 0.567917 0.567334 0.567730 0.568311 0.567354 
0.401239 0.589552 0.589802 0.589079 0.589249 0.589411 0.589109 0.589341 0.588843 0.588861 
0.412366 0.603329 0.603162 0.604663 0.603312 0.603151 0.603788 0.603218 0.603253 0.603218 
0.426903 0.621324 0.621418 0.621042 0.621100 0.621419 0.621119 0.621380 0.621818 0.620880 
0.440809 0.638540 0.638550 0.638362 0.638359 0.638764 0.638465 0.638742 0.638189 0.638230 
0.453285 0.653241 0.653333 0.653718 0.653752 0.653783 0.653113 0.654065 0.653357 0.653133 
0.466947 0.669458 0.669964 0.669423 0.669947 0.670169 0.668744 0.669583 0.669483 0.668670 
0.479854 0.683957 0.683994 0.684356 0.684407 0.684684 0.684381 0.684957 0.684483 0.684272 
0.491975 0.698131 0.697942 0.698603 0.698186 0.698672 0.698097 0.698424 0.698237 0.698164 
0.505126 0.712920 0.712584 0.714304 0.712798 0.712658 0.712710 0.712723 0.712869 0.712595 
0.517513 0.726872 0.726310 0.726201 0.725604 0.726379 0.726206 0.726197 0.726200 0.726190 
0.528549 0.737581 0.738221 0.737178 0.738158 0.738243 0.737983 0.737922 0.738096 0.738077 
0.542336 0.753088 0.753183 0.753782 0.752331 0.752802 0.752431 0.752800 0.752653 0.752789 
0.554208 0.765027 0.765395 0.764860 0.764947 0.764542 0.764313 0.764577 0.764661 0.764731 
0.565262 0.776191 0.775371 0.775547 0.775498 0.775842 0.775675 0.775146 0.776132 0.775866 
0.578297 0.788641 0.788996 0.788479 0.787982 0.787924 0.788586 0.788832 0.789133 0.788266 
0.590073 0.799486 0.800201 0.799357 0.799160 0.799569 0.799386 0.799352 0.799893 0.799405 
0.600977 0.810005 0.809012 0.809952 0.809355 0.810329 0.809568 0.809700 0.809883 0.810524 
0.611945 0.819672 0.821042 0.819655 0.819937 0.819958 0.819465 0.819764 0.819042 0.820121 
0.624165 0.830359 0.831345 0.830095 0.831160 0.830868 0.831420 0.830667 0.830113 0.830560 
0.635287 0.840163 0.840672 0.840613 0.839890 0.840375 0.840023 0.840340 0.840359 0.841280 
0.644944 0.848554 0.848564 0.848116 0.848524 0.848957 0.848332 0.848165 0.848217 0.848475 
0.656493 0.858144 0.857587 0.858587 0.857860 0.857643 0.857780 0.857817 0.858024 0.857913 
0.666686 0.866029 0.865732 0.865348 0.865208 0.865743 0.866048 0.865993 0.866346 0.865810 
0.677311 0.874900 0.874317 0.873858 0.874857 0.873946 0.873997 0.874313 0.874312 0.873698 
0.687887 0.882010 0.882261 0.881698 0.882213 0.882185 0.882232 0.882419 0.882480 0.881748 
0.697992 0.889377 0.889949 0.889444 0.889723 0.889776 0.890019 0.890058 0.889622 0.889295 
0.706852 0.895373 0.895406 0.895043 0.895905 0.895440 0.895814 0.895909 0.895587 0.894969 
0.715842 0.902098 0.902195 0.902235 0.902740 0.902162 0.902677 0.901616 0.902453 0.901662 
0.726521 0.909299 0.909607 0.909353 0.908561 0.908704 0.909247 0.909105 0.909958 0.908504 
0.735370 0.914855 0.914890 0.915766 0.915021 0.914430 0.914064 0.915151 0.914688 0.914715 
0.745228 0.920927 0.920920 0.920894 0.921158 0.920920 0.920893 0.921455 0.920617 0.921099 
0.755653 0.927266 0.927327 0.927357 0.927145 0.927468 0.926599 0.927421 0.927550 0.927114 
0.763514 0.931597 0.930940 0.931477 0.931461 0.931377 0.931491 0.932076 0.931791 0.931789 
0.772017 0.936534 0.935884 0.936308 0.936422 0.936388 0.936121 0.936580 0.936524 0.937162 
0.780622 0.941409 0.940989 0.941017 0.941302 0.941083 0.941125 0.941390 0.941176 0.941787 
0.789774 0.946185 0.945747 0.945957 0.946081 0.945999 0.945842 0.946020 0.946037 0.945753 
0.797661 0.950565 0.950193 0.950305 0.950075 0.950390 0.950152 0.950141 0.950058 0.949947 
0.806362 0.954424 0.953545 0.954195 0.954498 0.954645 0.954092 0.953746 0.954418 0.953900 
0.813873 0.957985 0.957318 0.956986 0.957900 0.957526 0.957632 0.957405 0.957783 0.957533 
0.822011 0.961289 0.961476 0.961278 0.961203 0.959757 0.960952 0.960709 0.961078 0.961337 
0.831177 0.965253 0.965316 0.965254 0.965534 0.965403 0.965093 0.964723 0.964969 0.965724 
0.838209 0.967727 0.967789 0.967675 0.967946 0.967663 0.967496 0.967228 0.967482 0.968154 
0.845443 0.970546 0.970862 0.970329 0.970700 0.971003 0.971059 0.970521 0.970629 0.970798 
0.852677 0.973615 0.973765 0.972847 0.973824 0.973517 0.973217 0.972830 0.973296 0.973191 
0.861032 0.976306 0.976167 0.975604 0.976348 0.976285 0.975924 0.975955 0.976278 0.975919 
0.867956 0.978822 0.978290 0.978759 0.979160 0.978409 0.978517 0.978624 0.978554 0.978708 
0.874517 0.980680 0.980350 0.980646 0.980590 0.981130 0.980692 0.980332 0.981017 0.980794 
0.881621 0.982561 0.983062 0.982625 0.982839 0.983018 0.983260 0.982696 0.982999 0.983161 
0.888573 0.984605 0.984882 0.984631 0.984808 0.984807 0.984737 0.984341 0.984962 0.985073 
0.895048 0.986119 0.986374 0.986287 0.985214 0.987063 0.986751 0.986279 0.986444 0.986745 
0.902173 0.987578 0.987734 0.988290 0.987838 0.988197 0.988453 0.988245 0.988451 0.988017 
0.908394 0.989918 0.988457 0.990160 0.989501 0.990481 0.990690 0.989744 0.989562 0.990080 
0.914878 0.991231 0.989566 0.991172 0.990566 0.991164 0.991505 0.991046 0.990648 0.991148 
0.921117 0.992515 0.991825 0.992282 0.991879 0.992062 0.992577 0.992313 0.991947 0.992165 
0.927303 0.994161 0.993333 0.993388 0.993163 0.993206 0.993648 0.993510 0.993244 0.993168 
0.934247 0.994629 0.995471 0.994459 0.994465 0.994648 0.994590 0.994407 0.994728 0.994474 
0.939631 0.995375 0.994900 0.995277 0.995350 0.995695 0.995312 0.995211 0.995776 0.995437 
0.945589 0.996114 0.996021 0.996137 0.995874 0.996542 0.996071 0.995983 0.996560 0.996365 
0.951556 0.997398 0.997172 0.997434 0.997226 0.996834 0.997130 0.997123 0.997133 0.997624 
0.957145 0.997868 0.997777 0.998091 0.997770 0.998834 0.997748 0.997718 0.997840 0.997978 
0.962812 0.998294 0.998320 0.998691 0.998528 0.998804 0.998313 0.998261 0.998252 0.998288 
0.968449 0.998649 0.998637 0.998947 0.998819 0.999336 0.998629 0.998902 0.999991 0.999648 
0.973837 0.999014 0.999037 0.999345 0.999134 0.999978 0.999059 0.999192 0.999680 0.999597 
0.979237 0.999379 0.999443 0.999750 0.999448 0.999314 0.999496 0.999420 0.999730 0.999526 
0.984500 0.999941 0.999624 0.999936 0.999873 0.999951 0.999739 0.999844 0.999860 0.999896 
0.989750 0.999889 0.999882 0.999968 0.999994 0.999891 0.999857 0.999977 1.000000 0.999986 
0.994913 0.999964 0.999981 0.999998 0.999994 0.999964 0.999999 0.999992 1.000000 0.999991 
1.000000 0.999992 1.000000 1.000000 1.000000 0.000127 0.000044 0.999993 0.999998 0.000000 
