0.999999 0.999997 0.999987 0.100253 0.001242 0.999871 0.940465 0.051251 0.983216 0.699935 
0.998848 0.000083 0.006497 0.002132 0.000049 0.999821 0.999987 0.000149 0.999993 0.999449 
0.995868 0.000337 0.037374 0.008960 0.000358 0.999278 0.999760 0.000500 0.999686 0.998853 
0.997163 0.004041 0.999981 0.999503 0.000063 0.009095 0.999992 0.999549 0.074850 0.002818 
0.997163 0.004041 0.999981 0.999503 0.000063 0.112795 0.999992 0.999549 0.002034 0.002818 
0.991631 0.008447 0.999419 0.998387 0.000327 0.051981 0.999797 0.998582 0.029622 0.007256 
0.960089 0.006135 0.999979 0.996003 0.001249 0.137480 0.999783 0.997984 0.017221 0.007183 
0.953456 0.028888 0.997483 0.995387 0.005086 0.126080 0.999045 0.996523 0.022877 0.006639 
0.952867 0.031214 0.974549 0.998144 0.005407 0.131419 0.999076 0.999500 0.001154 0.003147 
0.934869 0.992417 0.999996 0.002704 0.999993 0.001147 0.003964 0.989006 0.000581 0.000260 
0.934869 0.992417 0.999996 0.002704 0.999993 0.001147 0.003964 0.987298 0.000581 0.000260 
0.924587 0.001842 1.000000 0.999986 0.002915 0.029732 0.966075 0.999938 0.013413 0.000232 
0.960348 0.001704 0.389778 0.005317 0.001331 0.998494 0.998682 0.002143 0.999019 0.994974 
0.958453 0.022913 0.984900 0.996043 0.001232 0.178477 0.999506 0.980963 0.017396 0.013191 
0.906991 0.024929 0.101920 0.996991 0.003791 0.106651 0.988692 0.028948 0.001773 0.041154 
0.935457 0.994849 0.999992 0.002609 0.999991 0.000508 0.000269 0.940833 0.000291 0.006784 
0.953456 0.028888 0.928448 0.995387 0.005086 0.126080 0.999045 0.996523 0.011397 0.006639 
0.869838 0.236248 0.008131 0.012869 0.210199 0.234987 0.005236 0.981513 0.982169 0.989960 
0.856338 0.236029 0.026508 0.031348 0.222899 0.057288 0.015428 0.980572 0.979189 0.974361 
0.864739 0.001217 0.968893 0.990092 0.186721 0.996454 0.998170 0.045539 0.922075 0.965271 
0.841600 0.001937 0.968893 0.990092 0.186721 0.996454 0.998170 0.045539 0.922075 0.965271 
0.841600 0.004158 0.968893 0.990092 0.186721 0.996454 0.998170 0.045539 0.922075 0.965271 
0.868444 0.018888 0.123473 0.991547 0.003085 0.375320 0.967883 0.069490 0.041567 0.228388 
0.843451 0.001735 0.999996 0.989805 0.194079 0.997503 0.999953 0.014944 0.920438 0.966357 
0.852585 0.197794 0.039991 0.010778 0.181447 0.321699 0.004622 0.959827 0.985075 0.929824 
0.784012 0.005655 0.001134 0.999040 0.001540 0.963810 0.031378 0.997488 0.972989 0.931482 
0.779021 0.005767 0.164481 0.999658 0.001546 0.962828 0.004001 0.979830 0.972253 0.929685 
0.763961 0.000261 0.893066 0.000035 0.033750 0.010511 0.001469 0.000512 1.000000 0.000001 
0.759405 0.099941 0.967680 0.935427 0.021919 0.341480 0.012061 0.865067 0.000058 0.000112 
0.755578 0.158289 0.999969 0.000006 0.003008 0.023688 0.000103 0.000002 1.000000 0.000000 
0.746699 0.127501 0.999656 0.000016 0.004343 0.001582 0.000227 0.000009 1.000000 0.000000 
0.726879 0.058772 0.027519 0.954643 0.007324 0.958188 0.863284 0.003350 0.097860 0.947248 
0.668379 0.000758 0.006148 0.043462 0.000840 0.045986 0.000000 0.006805 0.853891 0.022419 
0.668379 0.000758 0.006148 0.043462 0.000840 0.045986 0.000000 0.006813 0.853891 0.022419 
0.668379 0.000758 0.006148 0.018464 0.194081 0.045986 0.000000 0.006817 0.853891 0.022419 
0.661054 0.001556 0.069884 0.058478 0.021065 0.114085 0.002940 0.058953 0.870091 0.030182 
0.658395 0.001200 0.001306 0.001253 0.018569 0.053276 0.002676 0.001293 0.926880 0.000049 
0.667545 0.000321 0.002530 0.091904 0.017170 0.044192 0.000022 0.002051 0.789046 0.023906 
0.646665 0.055977 0.013330 0.084259 0.007933 0.066227 0.001481 0.093491 0.887080 0.003727 
0.617446 0.000996 0.864753 0.004302 0.011871 0.088443 0.007456 0.032035 0.048390 0.131641 
0.615693 0.020485 0.064513 0.088359 0.022839 0.144834 0.000001 0.105954 0.794018 0.059492 
0.614359 0.033669 0.071506 0.098865 0.035699 0.159965 0.000895 0.117649 0.792502 0.160083 
0.615140 0.025949 0.067411 0.092713 0.028169 0.151105 0.000371 0.110801 0.793390 0.260685 
0.622726 0.001007 0.869759 0.000325 0.008965 0.053447 0.007711 0.027881 0.999832 0.001984 
0.618935 0.000999 0.866164 0.003181 0.011052 0.062193 0.007528 0.030863 0.998083 0.021720 
0.554844 0.012739 0.006037 0.035534 0.000009 0.023153 0.000025 0.026107 0.997043 0.061234 
0.514412 0.002085 0.704117 0.016048 0.002500 0.003438 0.002114 0.057944 0.923929 0.006789 
0.615070 0.000992 0.862501 0.006091 0.013178 0.071105 0.007342 0.033903 0.996300 0.026051 
0.617029 0.062783 0.123106 0.154681 0.001790 0.209736 0.077613 0.094224 0.791696 0.121827 
0.613397 0.043183 0.076554 0.106446 0.044980 0.170885 0.001540 0.126089 0.791409 0.307430 
0.376464 0.115480 0.584118 0.568460 0.202987 0.551125 0.986767 0.533906 0.531113 0.628795 
0.378301 0.114985 0.559299 0.480528 0.211622 0.550953 0.964208 0.537130 0.536903 0.592033 
0.401247 0.597625 0.661793 0.009550 0.603385 0.000564 0.172580 0.620203 0.689989 0.004446 
0.399865 0.567725 0.653190 0.003263 0.567580 0.003394 0.171017 0.615554 0.677780 0.010053 
0.396075 0.475550 0.657611 0.010664 0.530647 0.000453 0.476994 0.570078 0.541251 0.019193 
0.396183 0.479217 0.657451 0.012268 0.530951 0.000152 0.018599 0.570698 0.656288 0.017189 
0.395467 0.454828 0.658515 0.007659 0.548798 0.002153 0.028075 0.566569 0.662045 0.030519 
0.395827 0.467093 0.657980 0.006965 0.529943 0.001147 0.023310 0.568646 0.275904 0.023815 
0.392309 0.121281 0.379494 0.622671 0.284131 0.524957 0.067043 0.561737 0.572136 0.305558 
0.380125 0.140638 0.530311 0.619933 0.056164 0.725339 0.148696 0.549147 0.503386 0.748410 
0.374083 0.033716 0.651615 0.041731 0.518379 0.012557 0.077334 0.499222 0.691971 0.099817 
0.247307 0.242053 0.412871 0.387041 0.597897 0.939537 0.937524 0.467706 0.317323 0.418820 
0.246768 0.234556 0.407552 0.395446 0.589023 0.936834 0.934239 0.481054 0.311332 0.428499 
0.253716 0.325666 0.217766 0.331314 0.687684 0.943696 0.961329 0.344624 0.414643 0.322906 
0.253685 0.330844 0.210898 0.287502 0.702989 0.971544 0.976434 0.309623 0.388275 0.304189 
0.253814 0.309150 0.239670 0.471050 0.726403 0.854877 0.913151 0.456259 0.444356 0.382603 
0.253818 0.308478 0.240561 0.476737 0.636883 0.851262 0.911190 0.460802 0.446094 0.385033 
0.254228 0.239119 0.332548 0.979701 0.431882 0.296911 0.289761 0.929623 0.625396 0.451018 
0.253853 0.284939 0.036139 0.476730 0.619285 0.851130 0.914671 0.460970 0.446037 0.385976 
0.253813 0.309183 0.239626 0.558393 0.730754 0.855052 0.913246 0.456038 0.444272 0.384674 
0.242182 0.201684 0.442251 0.342928 0.557943 0.992249 0.946934 0.494140 0.224160 0.456088 
0.242422 0.203401 0.700800 0.345671 0.559566 0.989354 0.946271 0.493457 0.228713 0.454647 
0.149613 0.231139 0.986564 0.998643 0.894825 0.979200 0.551677 0.922418 0.831172 0.166714 
0.149243 0.213346 0.968062 0.986508 0.976645 0.778218 0.575426 0.876870 0.791124 0.227173 
0.138994 0.026438 0.908469 0.994941 0.903279 0.929718 0.600878 0.999715 0.993474 0.189672 
0.149493 0.200720 0.975298 0.994806 0.841252 0.805866 0.573318 0.915353 0.923339 0.215859 
0.149556 0.196750 0.972987 0.994043 0.830322 0.783804 0.577315 0.888065 0.940037 0.225628 
0.148206 0.190272 0.970861 0.987958 0.972846 0.798481 0.575964 0.886806 0.812975 0.219051 
0.149538 0.197842 0.973623 0.994148 0.832593 0.789873 0.576216 0.889763 0.935443 0.222940 
0.140840 0.063014 0.953216 0.995420 0.895345 0.917350 0.593580 0.989460 0.967022 0.189707 
0.140840 0.063014 0.953216 0.995420 0.895345 0.917350 0.593580 0.176960 0.967022 0.189707 
0.139774 0.002615 0.997943 0.999751 0.941949 0.963274 0.580333 0.995465 0.990683 0.153002 
0.139774 0.002615 0.993622 0.999751 0.941949 0.963274 0.580333 0.995465 0.990683 0.153002 
0.043282 0.431659 0.994734 0.998861 0.980893 0.994178 0.816874 0.981029 0.935426 0.077134 
0.051163 0.002585 0.999450 0.999903 0.996933 0.984833 0.760067 0.998636 0.997411 0.096579 
0.041077 0.001079 0.000101 0.004737 0.999404 0.968778 0.999107 0.047569 0.020108 0.023537 
0.041300 0.011655 0.000181 0.011683 0.998397 0.934924 0.974524 0.157156 0.043082 0.079419 
0.053512 0.000425 0.999968 0.999991 0.996584 0.996720 0.708989 0.999670 0.999370 0.100666 
0.043282 0.431659 0.994734 0.998861 0.753910 0.994178 0.683676 0.981029 0.935426 0.077134 
0.040541 0.861872 0.955454 0.754945 0.072146 0.923786 0.701342 0.302759 0.060717 0.018194 
0.045313 0.709805 0.997792 0.999666 0.647490 0.983013 0.658982 0.994680 0.981161 0.035104 
0.042443 0.008823 0.000291 0.012332 0.999971 0.956995 0.985833 0.149390 0.054220 0.035440 
0.042299 0.000371 0.000051 0.001340 0.999995 0.950636 0.994812 0.007163 0.038145 0.028309 
0.041002 0.005375 0.000074 0.002370 0.999747 0.980313 0.991656 0.010231 0.012280 0.004497 
0.000001 0.871396 0.331571 0.004308 0.000219 0.004686 0.997110 0.999624 0.026662 0.003734 
0.000003 0.005150 0.037014 0.000000 0.953430 0.999415 0.785281 0.056351 0.999997 0.000001 
0.000001 0.771556 0.302304 0.003807 0.116548 0.092635 0.979255 0.920671 0.139917 0.612757 
0.000004 0.905051 0.886998 0.014307 0.033213 0.016514 0.382054 0.980582 0.056193 0.012345 
0.000005 0.013362 0.080052 0.000002 0.999960 0.760529 0.843665 0.321101 0.999985 0.000003 
0.000004 0.253095 0.886998 0.014307 0.033213 0.016514 0.382054 0.980582 0.056193 0.012345 
