0.000000 0.340371 0.000302 0.359724 0.998351 0.996523 0.067359 0.959547 0.586718 0.999863 
0.000000 0.000798 0.002431 0.000185 0.999871 0.992573 0.342525 0.017215 0.999966 0.999991 
0.000000 0.582007 0.000087 0.615053 0.997423 0.998949 0.031677 0.993794 0.266220 0.999946 
0.000000 0.003748 0.001000 0.000032 0.999967 0.999909 0.873899 0.003325 0.999990 0.999999 
0.000000 0.000785 0.001200 0.000183 0.999867 0.991773 0.342787 0.016985 0.999967 0.981167 
0.000000 0.000798 0.022245 0.000185 0.999871 0.992573 0.342525 0.017215 0.999966 0.999991 
0.062851 0.098457 0.098641 0.098892 0.099017 0.098949 0.098930 0.098467 0.098763 0.098068 
0.072234 0.113049 0.113259 0.112029 0.113189 0.112781 0.113178 0.113262 0.113283 0.113485 
0.081222 0.126949 0.127222 0.127227 0.127011 0.127247 0.127066 0.127005 0.127031 0.127530 
0.081222 0.126949 0.127222 0.127227 0.127011 0.127271 0.127066 0.127005 0.127031 0.127530 
0.089430 0.139657 0.139910 0.140058 0.139768 0.140080 0.139734 0.139677 0.139753 0.140702 
0.081222 0.126949 0.127222 0.127227 0.126706 0.127271 0.127066 0.127005 0.127031 0.127530 
0.134961 0.209444 0.210099 0.211199 0.211513 0.210350 0.209915 0.210045 0.209459 0.210000 
0.146911 0.228595 0.228666 0.230020 0.230536 0.228962 0.228486 0.228732 0.227976 0.228483 
0.155642 0.241950 0.242009 0.243530 0.243338 0.242336 0.242823 0.242015 0.241171 0.241862 
0.162262 0.252151 0.252192 0.253849 0.254585 0.252547 0.251994 0.252214 0.251374 0.251887 
0.161153 0.250448 0.250492 0.252127 0.252847 0.250842 0.250295 0.250517 0.249634 0.250195 
0.198423 0.307264 0.307535 0.307567 0.305673 0.305909 0.307183 0.307541 0.307571 0.307259 
0.210949 0.325396 0.325454 0.325581 0.325499 0.324738 0.325362 0.325717 0.325639 0.325383 
0.216480 0.333347 0.333489 0.333494 0.333096 0.333148 0.333299 0.333580 0.333552 0.333311 
0.214597 0.330762 0.330879 0.330682 0.330594 0.330167 0.330589 0.330925 0.330163 0.330738 
0.215949 0.332583 0.332742 0.332733 0.332365 0.331777 0.332536 0.332824 0.332792 0.332549 
0.266429 0.406333 0.406174 0.406560 0.406256 0.407867 0.405787 0.406291 0.405394 0.405633 
0.277290 0.421432 0.421990 0.422146 0.421528 0.421719 0.421626 0.422339 0.421226 0.421379 
0.288726 0.437975 0.438613 0.438211 0.438118 0.437706 0.438236 0.438548 0.437840 0.437916 
0.288716 0.438347 0.438599 0.438163 0.438104 0.437649 0.438222 0.438527 0.437827 0.437903 
0.288901 0.438227 0.438867 0.439088 0.438372 0.438677 0.438489 0.438938 0.438094 0.438169 
0.291508 0.442038 0.442848 0.442223 0.442180 0.441753 0.442276 0.443365 0.441861 0.441943 
0.350384 0.524643 0.525843 0.522899 0.523721 0.519277 0.522353 0.523856 0.523643 0.523995 
0.358082 0.534266 0.534235 0.533342 0.534063 0.530257 0.531896 0.533773 0.531286 0.533874 
0.372299 0.552042 0.549736 0.552629 0.552515 0.550538 0.549522 0.552090 0.550387 0.552121 
0.386558 0.570904 0.570186 0.570761 0.570644 0.571315 0.568600 0.570452 0.570460 0.574977 
0.399852 0.587209 0.586157 0.587016 0.587107 0.586480 0.587058 0.587979 0.586446 0.588146 
0.411159 0.601532 0.601035 0.602452 0.602399 0.602349 0.599720 0.599340 0.601510 0.603302 
0.424686 0.618906 0.618985 0.618718 0.618287 0.618875 0.620891 0.620327 0.618947 0.620617 
0.435610 0.632365 0.629766 0.631836 0.632041 0.631874 0.630784 0.629800 0.632506 0.634122 
0.454967 0.654823 0.655028 0.655051 0.657798 0.655037 0.653962 0.654539 0.654830 0.655548 
0.467606 0.670116 0.670609 0.670139 0.668540 0.670813 0.669548 0.670345 0.670111 0.670593 
0.479238 0.683241 0.683294 0.683657 0.683667 0.683955 0.683647 0.684219 0.683090 0.684510 
0.488448 0.694110 0.694049 0.694456 0.694334 0.693929 0.694489 0.694122 0.694234 0.694161 
0.496344 0.703037 0.702766 0.703589 0.702956 0.703003 0.703179 0.703578 0.703139 0.703067 
0.515881 0.725081 0.724540 0.725282 0.723896 0.724687 0.724450 0.724463 0.724424 0.724444 
0.516080 0.725285 0.724775 0.725485 0.724091 0.724890 0.724648 0.724664 0.724623 0.724644 
0.518606 0.727804 0.727431 0.726348 0.726658 0.727521 0.727289 0.727250 0.727107 0.727235 
0.551871 0.761015 0.765677 0.762631 0.761189 0.762495 0.763842 0.762255 0.760135 0.762816 
0.569735 0.778934 0.782747 0.780377 0.779141 0.781441 0.781827 0.780546 0.776819 0.780150 
0.580269 0.789963 0.791795 0.790337 0.789201 0.791682 0.791483 0.790183 0.787667 0.790255 
0.592477 0.803806 0.802042 0.803638 0.799039 0.802870 0.800607 0.801037 0.801164 0.801419 
0.603365 0.815182 0.812708 0.814815 0.812499 0.813863 0.811192 0.812625 0.812199 0.812221 
0.611156 0.819129 0.820994 0.818844 0.817971 0.820426 0.817604 0.816857 0.820869 0.819726 
0.638606 0.842541 0.843379 0.843177 0.842286 0.843310 0.844037 0.842786 0.844305 0.843864 
0.643026 0.845965 0.846809 0.846680 0.845714 0.846751 0.847396 0.846382 0.846934 0.847191 
0.645057 0.847508 0.848685 0.848144 0.849087 0.848014 0.848987 0.848006 0.848591 0.848750 
0.654309 0.857437 0.856126 0.855351 0.856352 0.856865 0.855831 0.855501 0.856877 0.856963 
0.666820 0.864583 0.865957 0.865088 0.865676 0.865910 0.865593 0.866620 0.866074 0.865794 
0.676573 0.873346 0.872440 0.872824 0.872712 0.873636 0.872921 0.874630 0.873783 0.873179 
0.687147 0.880846 0.881723 0.881432 0.880636 0.882122 0.881965 0.882645 0.881875 0.881481 
0.695878 0.888715 0.888283 0.887871 0.887774 0.888145 0.887994 0.888951 0.888705 0.887440 
0.707663 0.899474 0.897096 0.896495 0.897495 0.896124 0.896014 0.897336 0.895155 0.895364 
0.721288 0.905708 0.906326 0.904966 0.904909 0.904847 0.905759 0.905290 0.906106 0.904746 
0.727554 0.910421 0.912364 0.909096 0.909336 0.909456 0.910032 0.909895 0.910763 0.909285 
0.740357 0.917735 0.917678 0.918504 0.917869 0.917157 0.917006 0.918140 0.918214 0.917593 
0.745111 0.920363 0.920851 0.920818 0.921088 0.920846 0.920817 0.921370 0.922085 0.921020 
0.753551 0.925613 0.925818 0.925832 0.925601 0.925257 0.925055 0.925910 0.926480 0.925567 
0.765728 0.933149 0.933098 0.932570 0.933110 0.934988 0.933373 0.933849 0.933086 0.934693 
0.772993 0.937006 0.937439 0.936722 0.936815 0.936924 0.936572 0.936916 0.937461 0.940639 
0.781326 0.941933 0.942494 0.941371 0.941657 0.941978 0.941470 0.941722 0.941844 0.942110 
0.791436 0.946739 0.945610 0.946418 0.946537 0.946552 0.946391 0.947598 0.946750 0.946779 
0.797647 0.949898 0.948658 0.949418 0.949797 0.949376 0.949554 0.949440 0.949731 0.949710 
0.806611 0.954601 0.953028 0.954149 0.954484 0.953417 0.954098 0.955579 0.954406 0.953927 
0.814413 0.958034 0.956562 0.961301 0.958000 0.957731 0.955910 0.957875 0.957789 0.958737 
0.822042 0.962671 0.961602 0.960120 0.961245 0.963078 0.960587 0.960746 0.961117 0.961946 
0.829394 0.964823 0.963803 0.963794 0.963622 0.965209 0.963151 0.963212 0.963539 0.964292 
0.836896 0.968077 0.967305 0.967194 0.967158 0.968467 0.966727 0.966741 0.966991 0.967721 
0.847598 0.972218 0.971705 0.972397 0.971406 0.971767 0.970278 0.970790 0.971314 0.971451 
0.855355 0.973910 0.974849 0.973674 0.973488 0.974555 0.974216 0.974328 0.974682 0.974251 
0.860263 0.975530 0.976222 0.975589 0.975133 0.976029 0.975534 0.975422 0.976073 0.975801 
0.868308 0.979048 0.978518 0.978993 0.977671 0.978548 0.978760 0.978531 0.978724 0.978989 
0.874379 0.980637 0.980301 0.980607 0.979381 0.981086 0.980574 0.980290 0.981079 0.980749 
0.882587 0.982971 0.983004 0.982564 0.982780 0.982955 0.983199 0.982637 0.982940 0.983103 
0.888719 0.984456 0.984927 0.984305 0.984943 0.984859 0.984732 0.984502 0.984372 0.985125 
0.895387 0.986134 0.986470 0.986195 0.985301 0.987169 0.986849 0.986376 0.986540 0.986841 
0.901738 0.987456 0.987607 0.988154 0.987721 0.988065 0.988317 0.988114 0.988942 0.988607 
0.909213 0.991215 0.989031 0.989847 0.989039 0.988980 0.990347 0.990407 0.991279 0.989229 
0.914996 0.990929 0.989600 0.991191 0.990589 0.992046 0.991523 0.991144 0.992179 0.991168 
0.921145 0.992592 0.992312 0.992239 0.991624 0.992833 0.992152 0.992210 0.993104 0.992199 
0.927615 0.994192 0.993417 0.992839 0.993218 0.993269 0.993690 0.993372 0.993308 0.993225 
0.933516 0.995873 0.994157 0.994317 0.993231 0.994427 0.994477 0.994349 0.994916 0.994267 
0.939492 0.995355 0.996606 0.995254 0.995331 0.995669 0.995292 0.995191 0.995759 0.995417 
0.945604 0.995872 0.997868 0.996115 0.996012 0.996462 0.995760 0.995767 0.996674 0.995880 
0.951431 0.997317 0.997251 0.997509 0.997293 0.996755 0.997197 0.997191 0.996858 0.997702 
0.957128 0.997842 0.997481 0.997790 0.997537 0.996951 0.997454 0.997420 0.997062 0.997969 
0.963010 0.998307 0.998327 0.998697 0.998534 0.998984 0.998322 0.998272 0.998796 0.999102 
0.968449 0.998649 0.998637 0.998947 0.998819 0.999336 0.998629 0.998614 0.999991 0.999648 
0.973795 0.999011 0.999035 0.999343 0.999131 0.999978 0.999056 0.999189 0.999864 0.999596 
0.979255 0.999381 0.999444 0.999751 0.999449 0.999934 0.999497 0.999421 0.999730 0.999528 
0.984500 0.999941 0.999624 0.999936 0.999873 0.999951 0.999739 0.999844 0.999860 0.999896 
0.989750 0.999889 0.999882 0.999968 0.999994 0.999891 0.999857 0.999977 1.000000 0.999986 
0.994916 0.999964 0.999982 0.999982 0.999994 0.999964 0.999994 0.999992 1.000000 0.999991 
1.000000 0.999992 1.000000 1.000000 1.000000 0.000127 0.000343 0.999813 0.999998 0.000000 
