0.000000 0.340371 0.000302 0.359724 0.998351 0.996523 0.067359 0.959547 0.586718 0.999863 
0.000000 0.000798 0.002431 0.000185 0.999871 0.992573 0.342525 0.017215 0.999966 0.999991 
0.000000 0.582007 0.000087 0.615053 0.997423 0.998949 0.031677 0.993794 0.266220 0.999946 
0.000000 0.003748 0.001000 0.000032 0.999967 0.999909 0.873899 0.003325 0.999990 0.999999 
0.000000 0.000785 0.001200 0.000183 0.999867 0.991773 0.342787 0.016985 0.999967 0.981167 
0.000000 0.000798 0.022245 0.000185 0.999871 0.992573 0.342525 0.017215 0.999966 0.999991 
0.062435 0.097814 0.097998 0.098247 0.097661 0.098305 0.098288 0.097823 0.098121 0.097423 
0.073781 0.115833 0.115746 0.115599 0.115581 0.115746 0.115629 0.115511 0.115706 0.116081 
0.083654 0.130919 0.130956 0.131014 0.130985 0.131022 0.130733 0.131050 0.131211 0.131169 
0.098467 0.153555 0.153779 0.154143 0.154098 0.153944 0.153994 0.154365 0.154474 0.153808 
0.105859 0.165060 0.165290 0.165628 0.165583 0.165453 0.165494 0.165852 0.165971 0.165296 
0.119624 0.186187 0.186447 0.186749 0.186773 0.186630 0.186548 0.186842 0.188096 0.186378 
0.131705 0.204976 0.205198 0.205721 0.205816 0.205433 0.205223 0.205068 0.205752 0.205038 
0.140230 0.218104 0.218191 0.219194 0.218811 0.218570 0.218185 0.218143 0.218528 0.218285 
0.155356 0.241431 0.241501 0.242202 0.241928 0.241831 0.241504 0.240466 0.241465 0.241378 
0.169679 0.263470 0.263551 0.263588 0.264169 0.263940 0.263540 0.263507 0.263094 0.263405 
0.175423 0.271778 0.272193 0.272360 0.272629 0.272442 0.271849 0.271889 0.271470 0.271796 
0.198992 0.307798 0.307960 0.308198 0.307600 0.307385 0.307250 0.306608 0.307929 0.307986 
0.211735 0.326363 0.326498 0.326476 0.327077 0.326073 0.326320 0.326561 0.326627 0.326368 
0.216353 0.333171 0.333313 0.333318 0.333622 0.332972 0.333123 0.333404 0.333377 0.333135 
0.233199 0.357848 0.357812 0.358138 0.357961 0.358080 0.357616 0.358028 0.357627 0.357433 
0.250615 0.383226 0.383410 0.383536 0.384063 0.383678 0.383138 0.383704 0.383004 0.382886 
0.262559 0.400563 0.400420 0.400804 0.400512 0.400929 0.401391 0.400659 0.401001 0.400608 
0.280668 0.426606 0.426550 0.426743 0.426557 0.426713 0.426892 0.426757 0.426561 0.426466 
0.291772 0.442384 0.442573 0.442702 0.442529 0.442523 0.442530 0.442834 0.442235 0.442323 
0.292969 0.444116 0.444307 0.444437 0.444262 0.444101 0.444061 0.444485 0.443962 0.444055 
0.297491 0.450665 0.450860 0.450996 0.450783 0.450603 0.450825 0.450456 0.450487 0.450600 
0.293412 0.444758 0.444950 0.445079 0.444904 0.444685 0.444908 0.445096 0.444601 0.444696 
0.347427 0.519246 0.517863 0.518703 0.519784 0.518751 0.520120 0.519856 0.519034 0.520211 
0.359903 0.535668 0.534472 0.534972 0.535765 0.535553 0.535824 0.535809 0.535184 0.535831 
0.374479 0.555259 0.554789 0.554443 0.554698 0.554914 0.554281 0.554644 0.554494 0.554017 
0.380251 0.562583 0.562159 0.562094 0.562105 0.562263 0.561685 0.562045 0.561869 0.561705 
0.401239 0.589552 0.589802 0.589079 0.589249 0.589411 0.589109 0.589341 0.588843 0.588861 
0.412366 0.603329 0.603162 0.604663 0.603312 0.603151 0.602876 0.603218 0.603253 0.603218 
0.428378 0.622495 0.622387 0.622728 0.623549 0.622922 0.622687 0.623188 0.623129 0.623879 
0.439147 0.636586 0.636598 0.636411 0.636408 0.636807 0.636513 0.636789 0.636238 0.636278 
0.454200 0.654188 0.654279 0.655028 0.654907 0.654792 0.653829 0.655142 0.654458 0.654265 
0.466947 0.669458 0.669964 0.669423 0.669947 0.670169 0.668744 0.669583 0.669483 0.668670 
0.478634 0.682519 0.682570 0.682933 0.682953 0.683230 0.682923 0.683494 0.682378 0.682810 
0.492637 0.698846 0.698674 0.699302 0.698909 0.699383 0.699100 0.699139 0.698959 0.698886 
0.505126 0.712920 0.712584 0.714304 0.712798 0.712658 0.712710 0.712723 0.712869 0.712595 
0.517513 0.726872 0.726310 0.726201 0.725604 0.726379 0.726206 0.726197 0.726200 0.726190 
0.528121 0.737179 0.737939 0.736764 0.737658 0.737506 0.737520 0.737473 0.737629 0.737610 
0.542336 0.753088 0.753183 0.753782 0.752331 0.752802 0.752431 0.753049 0.752653 0.752789 
0.558561 0.769404 0.769873 0.768921 0.769573 0.768847 0.768669 0.768903 0.769064 0.769109 
0.564557 0.774775 0.774667 0.774798 0.774767 0.775096 0.774943 0.774441 0.775394 0.775419 
0.577669 0.788080 0.788398 0.787885 0.787386 0.787302 0.788010 0.788271 0.788559 0.787672 
0.590423 0.800020 0.801390 0.800041 0.799195 0.800745 0.799838 0.799086 0.800105 0.800461 
0.601009 0.809873 0.811994 0.809822 0.809225 0.809635 0.809435 0.811004 0.809748 0.810389 
0.612396 0.819828 0.821135 0.819795 0.818789 0.820194 0.819688 0.818879 0.819150 0.820268 
0.624505 0.830169 0.831376 0.830640 0.831270 0.830959 0.830315 0.831078 0.830457 0.832327 
0.635840 0.840588 0.841094 0.841036 0.841321 0.840798 0.840453 0.840760 0.840785 0.841694 
0.644323 0.847742 0.847644 0.847663 0.848057 0.848460 0.847842 0.847690 0.847737 0.848266 
0.656493 0.858144 0.857587 0.858587 0.857860 0.857643 0.857780 0.857817 0.858024 0.857913 
0.666535 0.865915 0.865615 0.865232 0.865087 0.865627 0.865782 0.865864 0.866231 0.865697 
0.679698 0.875770 0.876163 0.875645 0.876665 0.875787 0.875848 0.875994 0.876090 0.875526 
0.687887 0.882010 0.882261 0.881698 0.882213 0.882185 0.882232 0.882419 0.882480 0.881748 
0.697770 0.889221 0.889795 0.889288 0.889576 0.889628 0.889868 0.889909 0.889980 0.889144 
0.707194 0.895427 0.896122 0.895530 0.896066 0.895503 0.895924 0.894615 0.896119 0.895162 
0.715842 0.902098 0.902195 0.902235 0.902740 0.902162 0.902677 0.901616 0.902453 0.901662 
0.726469 0.909299 0.909607 0.909353 0.908561 0.908704 0.909247 0.909105 0.909958 0.908504 
0.737380 0.916045 0.916052 0.916878 0.916199 0.915628 0.915295 0.916424 0.915877 0.915893 
0.745228 0.920927 0.920920 0.920894 0.921158 0.920920 0.920893 0.921455 0.920617 0.921099 
0.754962 0.926872 0.926953 0.926974 0.926750 0.926412 0.926205 0.927046 0.927303 0.926709 
0.763350 0.931509 0.930853 0.931390 0.931372 0.931288 0.931404 0.932215 0.931704 0.931705 
0.771655 0.936336 0.935859 0.935836 0.936279 0.936052 0.936290 0.936647 0.936146 0.935981 
0.780622 0.941409 0.940390 0.941017 0.941302 0.941083 0.941125 0.941390 0.941176 0.941787 
0.789774 0.946185 0.945747 0.945957 0.946081 0.945999 0.945842 0.946020 0.946037 0.945753 
0.797657 0.949902 0.948831 0.949423 0.949802 0.949381 0.949559 0.949445 0.949736 0.949715 
0.806916 0.954525 0.953652 0.954274 0.954595 0.954766 0.954192 0.953849 0.954513 0.954002 
0.815078 0.958162 0.957494 0.957159 0.958076 0.959096 0.957806 0.957575 0.957960 0.957709 
0.822011 0.961289 0.961476 0.961278 0.961203 0.959757 0.960952 0.960709 0.961078 0.961627 
0.831177 0.965253 0.965316 0.965254 0.965534 0.965403 0.965093 0.964723 0.964969 0.965724 
0.837843 0.967602 0.967660 0.967549 0.967820 0.967533 0.967104 0.967098 0.967351 0.968028 
0.846641 0.971868 0.971213 0.970657 0.971045 0.971367 0.971435 0.970438 0.970995 0.971122 
0.852677 0.973615 0.973765 0.972847 0.973824 0.973517 0.973217 0.972830 0.973296 0.973191 
0.861032 0.975567 0.976167 0.975604 0.976348 0.976285 0.975924 0.975955 0.976278 0.975919 
0.867636 0.978754 0.978178 0.978732 0.979348 0.978215 0.978421 0.978499 0.978404 0.978635 
0.874468 0.980666 0.980335 0.980632 0.979423 0.981109 0.980675 0.980319 0.981064 0.980779 
0.881621 0.982561 0.983062 0.982625 0.982839 0.983018 0.983260 0.982696 0.982999 0.983161 
0.888697 0.984646 0.984920 0.984297 0.984839 0.984851 0.984724 0.984495 0.985007 0.985117 
0.895133 0.986067 0.986395 0.986310 0.985229 0.987088 0.986773 0.986302 0.986466 0.986767 
0.901738 0.987456 0.987607 0.988154 0.987721 0.988065 0.988317 0.988114 0.988942 0.988607 
0.909268 0.990069 0.988635 0.990303 0.989662 0.990628 0.990721 0.989450 0.989731 0.990228 
0.914989 0.990928 0.989598 0.991190 0.990588 0.991185 0.991522 0.991065 0.990671 0.991167 
0.921117 0.992515 0.991825 0.992282 0.991879 0.992062 0.992577 0.992313 0.991947 0.992165 
0.927303 0.994161 0.993333 0.993388 0.993163 0.993206 0.993648 0.993510 0.993244 0.993168 
0.934108 0.994236 0.995457 0.994435 0.994443 0.994631 0.994570 0.994385 0.994709 0.994449 
0.939492 0.995355 0.996606 0.995254 0.995331 0.995669 0.995292 0.995191 0.995759 0.995417 
0.945589 0.996114 0.996012 0.996137 0.995874 0.996542 0.996071 0.995983 0.996560 0.996365 
0.951378 0.997464 0.997247 0.997505 0.997288 0.996872 0.997190 0.997186 0.997178 0.997696 
0.957238 0.997882 0.997791 0.998106 0.997785 0.998989 0.997761 0.997731 0.997850 0.997991 
0.962773 0.998288 0.998314 0.998685 0.998521 0.998797 0.998308 0.998255 0.998788 0.998282 
0.968449 0.998649 0.998637 0.998947 0.998819 0.999336 0.998629 0.998902 0.999991 0.999648 
0.973837 0.999014 0.999037 0.999345 0.999134 0.999978 0.999059 0.999192 0.999680 0.999597 
0.979237 0.999379 0.999443 0.999750 0.999448 0.999972 0.999496 0.999420 0.999730 0.999526 
0.984500 0.999941 0.999624 0.999936 0.999873 0.999951 0.999739 0.999844 0.999860 0.999896 
0.989750 0.999889 0.999882 0.999968 0.999994 0.999891 0.999857 0.999977 1.000000 0.999986 
0.994913 0.999964 0.999981 0.999998 0.999994 0.999964 0.999999 0.999992 1.000000 0.999991 
1.000000 0.999992 1.000000 1.000000 1.000000 0.000127 0.000044 0.999993 0.999998 0.000000 
