0.000000 0.340371 0.000302 0.359724 0.998351 0.996523 0.067359 0.959547 0.586718 0.999863 
0.000000 0.000798 0.002431 0.000185 0.999871 0.992573 0.342525 0.017215 0.999966 0.999991 
0.000000 0.582007 0.000087 0.615053 0.997423 0.998949 0.031677 0.993794 0.266220 0.999946 
0.000000 0.003748 0.001000 0.000032 0.999967 0.999909 0.873899 0.003325 0.999990 0.999999 
0.000000 0.000785 0.001200 0.000183 0.999867 0.991773 0.342787 0.016985 0.999967 0.981167 
0.000000 0.000798 0.022245 0.000185 0.999871 0.992573 0.342525 0.017215 0.999966 0.999991 
0.062435 0.097814 0.097998 0.098247 0.097661 0.098305 0.098288 0.097823 0.098121 0.097423 
0.073781 0.115833 0.115746 0.115599 0.115581 0.115746 0.115629 0.115511 0.115706 0.116081 
0.085564 0.133655 0.133909 0.134027 0.133826 0.133966 0.133837 0.133758 0.133915 0.133543 
0.098467 0.153555 0.153779 0.154143 0.154098 0.153944 0.153994 0.154365 0.154474 0.153808 
0.105730 0.165336 0.164949 0.165460 0.165484 0.165173 0.165392 0.164829 0.165684 0.164834 
0.118900 0.185480 0.185274 0.186050 0.185841 0.184779 0.185545 0.185181 0.185856 0.185153 
0.134125 0.208656 0.208779 0.209864 0.209719 0.209063 0.208801 0.208725 0.209236 0.208649 
0.138174 0.214959 0.215017 0.216183 0.215632 0.215310 0.215038 0.214964 0.215376 0.214888 
0.157655 0.244960 0.245032 0.245729 0.245701 0.245372 0.245032 0.243913 0.244945 0.244911 
0.167624 0.260303 0.260383 0.260420 0.260987 0.261048 0.260367 0.260343 0.259943 0.260246 
0.175386 0.271721 0.271857 0.272303 0.272572 0.272385 0.271792 0.271832 0.271414 0.271739 
0.198423 0.307264 0.307535 0.307567 0.305673 0.305909 0.307183 0.307541 0.307571 0.307176 
0.210949 0.325396 0.325454 0.325581 0.325499 0.324738 0.325362 0.325717 0.325639 0.325383 
0.216480 0.333347 0.333489 0.333494 0.333096 0.333148 0.333299 0.333580 0.333552 0.333311 
0.233238 0.357905 0.357868 0.358101 0.358018 0.358138 0.357673 0.358086 0.357683 0.357417 
0.249274 0.381678 0.381581 0.381903 0.381730 0.379720 0.381573 0.381910 0.381484 0.383074 
0.265446 0.404886 0.404745 0.405121 0.404827 0.405275 0.405731 0.404868 0.405326 0.404212 
0.277811 0.422186 0.422748 0.422882 0.422880 0.422452 0.422328 0.423066 0.421983 0.422133 
0.291772 0.442384 0.442573 0.442702 0.442529 0.442523 0.442530 0.442834 0.442235 0.442323 
0.293412 0.444758 0.444950 0.445079 0.444904 0.444914 0.444908 0.445096 0.444601 0.444696 
0.291772 0.442384 0.442568 0.442702 0.442529 0.442523 0.442206 0.442834 0.442235 0.442323 
0.291824 0.442457 0.443007 0.442775 0.442603 0.442558 0.442515 0.442892 0.442310 0.442385 
0.343785 0.514733 0.513306 0.514169 0.515146 0.511813 0.513751 0.515325 0.514500 0.515665 
0.357496 0.533149 0.532262 0.532239 0.532888 0.530170 0.531389 0.532991 0.532679 0.532927 
0.374479 0.555259 0.554789 0.554443 0.554698 0.554914 0.554281 0.554644 0.554494 0.554017 
0.387314 0.571821 0.571109 0.571682 0.571566 0.572234 0.569539 0.571381 0.571379 0.570257 
0.401239 0.589552 0.589802 0.589079 0.589099 0.589411 0.589109 0.589341 0.588843 0.588861 
0.402130 0.590633 0.590886 0.590167 0.590692 0.590504 0.590188 0.590428 0.589934 0.589958 
0.428378 0.622495 0.622387 0.622728 0.623549 0.622922 0.622687 0.623188 0.623129 0.623879 
0.437944 0.635187 0.635887 0.634994 0.634991 0.635393 0.635099 0.635367 0.634833 0.634832 
0.454292 0.654324 0.655981 0.654791 0.656857 0.655147 0.654891 0.654702 0.654912 0.655531 
0.467606 0.670116 0.670609 0.670161 0.668540 0.670813 0.669548 0.670345 0.670111 0.670593 
0.479238 0.683241 0.683294 0.683657 0.683667 0.683955 0.683647 0.684219 0.683090 0.684510 
0.492637 0.698846 0.698674 0.699302 0.698909 0.699383 0.699100 0.699139 0.698959 0.698886 
0.504919 0.712687 0.712355 0.714375 0.712088 0.712734 0.712485 0.712498 0.712646 0.712368 
0.516741 0.726009 0.725523 0.725457 0.724775 0.725585 0.725368 0.725357 0.725370 0.725345 
0.526139 0.735137 0.735853 0.734696 0.735643 0.735710 0.735485 0.735463 0.735575 0.735554 
0.534907 0.744634 0.745582 0.743959 0.744720 0.745217 0.745007 0.744970 0.745158 0.745150 
0.557875 0.768726 0.769092 0.767752 0.768926 0.768084 0.767908 0.768203 0.768296 0.768340 
0.565343 0.775392 0.776963 0.775447 0.775353 0.775764 0.775595 0.775058 0.776044 0.776076 
0.578398 0.788310 0.789063 0.787703 0.787273 0.788040 0.787302 0.788733 0.787814 0.788326 
0.592747 0.802366 0.803759 0.802403 0.801493 0.802515 0.802164 0.801386 0.802438 0.802807 
0.599142 0.808147 0.809862 0.808094 0.807173 0.807907 0.807677 0.809845 0.808406 0.808608 
0.612120 0.819587 0.820913 0.819553 0.818557 0.819938 0.818218 0.818688 0.818922 0.820242 
0.624414 0.830360 0.831554 0.830818 0.831825 0.831140 0.830501 0.831256 0.830647 0.832499 
0.636154 0.840725 0.841231 0.840517 0.841458 0.840932 0.840589 0.840898 0.840922 0.841832 
0.644323 0.847742 0.847644 0.847663 0.848057 0.848460 0.847842 0.847690 0.847737 0.848266 
0.656493 0.858144 0.857587 0.858587 0.857860 0.857643 0.857780 0.857817 0.858024 0.857913 
0.664003 0.864564 0.863722 0.863350 0.863910 0.864165 0.863912 0.864066 0.864372 0.863867 
0.677570 0.874943 0.873892 0.874216 0.874842 0.874948 0.874258 0.875957 0.874998 0.874462 
0.687887 0.882010 0.882261 0.881698 0.882213 0.882185 0.882232 0.882419 0.882480 0.881748 
0.697770 0.889221 0.890009 0.889288 0.889775 0.889628 0.889868 0.889909 0.889980 0.889144 
0.705207 0.893998 0.894657 0.894106 0.894781 0.894143 0.894552 0.894624 0.894693 0.893788 
0.717739 0.903081 0.903691 0.902399 0.902331 0.903748 0.903183 0.902746 0.903491 0.902213 
0.727399 0.909619 0.911056 0.908992 0.909235 0.909350 0.909924 0.909789 0.910652 0.909178 
0.737352 0.916028 0.916034 0.916861 0.916182 0.915610 0.915277 0.916407 0.916534 0.915875 
0.745111 0.920363 0.920851 0.920818 0.921088 0.920846 0.920817 0.921370 0.922085 0.921020 
0.753551 0.925613 0.925818 0.925832 0.925601 0.925257 0.925055 0.925910 0.926480 0.925567 
0.768446 0.934662 0.934495 0.934080 0.934608 0.934056 0.934816 0.934142 0.934590 0.935704 
0.771655 0.936336 0.935859 0.935836 0.936279 0.936052 0.936290 0.936647 0.936146 0.935981 
0.781012 0.941772 0.940588 0.941227 0.941506 0.941814 0.941323 0.941575 0.941687 0.941968 
0.791069 0.946554 0.945418 0.946245 0.946344 0.946406 0.946697 0.947505 0.946578 0.946606 
0.797657 0.949902 0.948831 0.949423 0.949802 0.949381 0.949559 0.949445 0.949736 0.949715 
0.807861 0.955237 0.954164 0.954776 0.955118 0.953972 0.954718 0.954375 0.955038 0.954527 
0.820826 0.960889 0.960927 0.959707 0.960798 0.959344 0.960522 0.960255 0.960668 0.960385 
0.822504 0.961621 0.961840 0.960345 0.961533 0.960039 0.961273 0.961015 0.961396 0.962201 
0.831047 0.966161 0.965292 0.965220 0.965159 0.964839 0.964606 0.964702 0.965805 0.965751 
0.837832 0.968409 0.967656 0.967544 0.967816 0.968786 0.967098 0.967093 0.967347 0.968024 
0.847598 0.972218 0.971705 0.972397 0.971406 0.971767 0.971854 0.970790 0.971314 0.971451 
0.853475 0.973333 0.974047 0.973131 0.974086 0.973808 0.973506 0.973119 0.973814 0.973469 
0.860302 0.975315 0.976465 0.975118 0.976082 0.976009 0.975647 0.975677 0.975997 0.975670 
0.867636 0.978754 0.978178 0.978732 0.979348 0.978215 0.978421 0.978225 0.978404 0.978635 
0.874468 0.980666 0.980335 0.980632 0.979423 0.981109 0.980675 0.980319 0.981064 0.980779 
0.881621 0.983030 0.983062 0.982625 0.982839 0.983018 0.983260 0.982696 0.982999 0.983161 
0.888719 0.984456 0.984927 0.984305 0.984943 0.984859 0.984732 0.984502 0.984372 0.985125 
0.895133 0.986067 0.986395 0.986310 0.985229 0.987088 0.986773 0.986302 0.986466 0.986767 
0.901738 0.987456 0.987607 0.988154 0.987721 0.988065 0.988317 0.988114 0.988942 0.988607 
0.908335 0.989906 0.988389 0.990150 0.989487 0.991083 0.990580 0.989272 0.989545 0.990068 
0.914989 0.990928 0.989598 0.991190 0.990588 0.992045 0.991522 0.991143 0.990671 0.991167 
0.921274 0.992553 0.991499 0.992308 0.991897 0.992302 0.992601 0.992253 0.991984 0.992192 
0.927615 0.994192 0.993417 0.993436 0.993218 0.993269 0.993690 0.993372 0.993308 0.993225 
0.933646 0.995657 0.994179 0.994340 0.993261 0.994444 0.994496 0.994370 0.994930 0.994291 
0.939492 0.995355 0.996606 0.995254 0.995331 0.995669 0.995292 0.995191 0.995759 0.995417 
0.945589 0.996114 0.996012 0.996137 0.995874 0.996542 0.996071 0.995983 0.996560 0.996365 
0.951298 0.997446 0.997230 0.997486 0.997268 0.996737 0.997174 0.997169 0.996842 0.997678 
0.957128 0.997842 0.997481 0.997790 0.997537 0.996951 0.997454 0.997420 0.997062 0.997969 
0.963010 0.998307 0.998327 0.998697 0.998534 0.998984 0.998322 0.998272 0.998796 0.999102 
0.968449 0.998649 0.998637 0.998947 0.998819 0.999336 0.998629 0.998614 0.999991 0.999648 
0.973837 0.999014 0.999037 0.999345 0.999134 0.999978 0.999059 0.999192 0.999680 0.999597 
0.979237 0.999379 0.999443 0.999750 0.999448 0.999972 0.999496 0.999420 0.999730 0.999526 
0.984500 0.999941 0.999624 0.999936 0.999873 0.999951 0.999739 0.999844 0.999860 0.999896 
0.989750 0.999889 0.999882 0.999968 0.999994 0.999891 0.999857 0.999977 1.000000 0.999986 
0.994913 0.999964 0.999981 0.999998 0.999994 0.999964 0.999999 0.999992 1.000000 0.999991 
1.000000 0.999992 1.000000 1.000000 1.000000 0.000127 0.000044 0.999993 0.999998 0.000000 
