0.000000 0.999320 1.000000 0.000000 0.000000 0.999163 0.999734 1.000000 1.000000 1.000000 
0.009213 0.015734 0.010158 0.013270 0.007317 0.015660 0.004340 0.014653 0.016464 0.023889 
0.017332 0.028290 0.023220 0.026170 0.020791 0.027927 0.028079 0.027360 0.028943 0.036134 
0.026253 0.041517 0.036363 0.041188 0.036908 0.041419 0.041004 0.041297 0.053020 0.035973 
0.033602 0.052668 0.053854 0.054130 0.054555 0.054748 0.054935 0.053642 0.056420 0.059502 
0.042157 0.065525 0.066095 0.066741 0.066686 0.067517 0.067371 0.069374 0.068423 0.062903 
0.049742 0.076923 0.076946 0.077921 0.077441 0.078836 0.078396 0.079298 0.079063 0.083250 
0.058153 0.091375 0.091540 0.091510 0.088194 0.091835 0.091411 0.091473 0.090863 0.098240 
0.063572 0.099770 0.099934 0.099850 0.096607 0.101016 0.099703 0.099860 0.099277 0.106054 
0.071703 0.112219 0.111412 0.112314 0.109891 0.111743 0.112135 0.112268 0.111089 0.114328 
0.080803 0.126477 0.126144 0.125931 0.126513 0.125724 0.126390 0.126070 0.127844 0.130755 
0.085786 0.134311 0.134515 0.133493 0.134210 0.133533 0.133974 0.133594 0.135201 0.138089 
0.094805 0.148534 0.150503 0.148339 0.149105 0.150482 0.148089 0.148168 0.147012 0.148158 
0.100857 0.157855 0.159293 0.157579 0.158756 0.160297 0.157222 0.157151 0.156688 0.157462 
0.107994 0.167456 0.168888 0.168751 0.166869 0.168846 0.167845 0.167973 0.168956 0.169959 
0.116983 0.182528 0.182679 0.182060 0.184979 0.191515 0.181443 0.182534 0.182225 0.183073 
0.124523 0.195244 0.194676 0.196101 0.194303 0.195035 0.192373 0.193115 0.194549 0.195788 
0.132679 0.208031 0.207094 0.204648 0.206645 0.207008 0.205337 0.204394 0.204432 0.207106 
0.139208 0.217339 0.217019 0.215268 0.216842 0.216954 0.215312 0.218001 0.214902 0.216884 
0.142168 0.221560 0.221519 0.220084 0.221466 0.221464 0.219835 0.223385 0.219651 0.221318 
0.153769 0.240347 0.239489 0.238788 0.241891 0.241121 0.239363 0.240069 0.239320 0.239245 
0.160891 0.249493 0.250443 0.248424 0.251249 0.249852 0.248872 0.249896 0.248801 0.249983 
0.166825 0.258215 0.259561 0.256666 0.260631 0.258864 0.258030 0.259467 0.258134 0.259001 
0.174853 0.270576 0.272473 0.269997 0.272189 0.271081 0.269699 0.271456 0.272012 0.271297 
0.181861 0.281412 0.281786 0.278693 0.281848 0.280403 0.282342 0.281150 0.279759 0.280345 
0.187130 0.288525 0.290739 0.291286 0.288625 0.289773 0.289219 0.289598 0.289825 0.290367 
0.193029 0.297532 0.298186 0.300647 0.297468 0.298736 0.298314 0.298200 0.299051 0.299406 
0.204663 0.320173 0.316002 0.314617 0.316081 0.315045 0.314885 0.316343 0.314558 0.315848 
0.213292 0.327982 0.329077 0.326747 0.329216 0.329500 0.329005 0.328173 0.328255 0.329270 
0.223320 0.342947 0.343782 0.342381 0.343892 0.343841 0.343481 0.343096 0.342999 0.343860 
0.225631 0.343559 0.347056 0.345674 0.347061 0.347258 0.346814 0.346286 0.346319 0.347021 
0.228991 0.351410 0.352098 0.350847 0.352192 0.350872 0.351667 0.351535 0.351337 0.352111 
0.243118 0.370031 0.372637 0.371675 0.372556 0.374438 0.372212 0.372107 0.371984 0.372131 
0.247310 0.376392 0.378766 0.377887 0.378638 0.379148 0.378291 0.378255 0.378120 0.378121 
0.255487 0.390889 0.391273 0.390565 0.391437 0.389787 0.389831 0.391603 0.390602 0.391508 
0.261761 0.400315 0.400153 0.399770 0.400155 0.398815 0.398971 0.400300 0.399520 0.399790 
0.271342 0.414025 0.413713 0.413822 0.413470 0.418042 0.412917 0.413572 0.413135 0.412427 
0.280008 0.426676 0.425976 0.426537 0.425509 0.425068 0.425550 0.425592 0.425453 0.423875 
0.284786 0.433586 0.432654 0.433573 0.431998 0.435486 0.432797 0.432282 0.432212 0.432808 
0.299631 0.453265 0.452620 0.453660 0.453156 0.452760 0.453755 0.454092 0.453432 0.450209 
0.308269 0.465644 0.463889 0.465501 0.465408 0.465637 0.465250 0.465364 0.465393 0.467587 
0.308118 0.465436 0.463677 0.465290 0.465202 0.465431 0.465041 0.464688 0.465185 0.467388 
0.316173 0.476244 0.475438 0.476480 0.475955 0.476238 0.475823 0.475498 0.476368 0.477498 
0.333249 0.499620 0.499223 0.500783 0.499971 0.499713 0.499813 0.500008 0.500189 0.499715 
0.337523 0.506056 0.505142 0.506616 0.505255 0.505426 0.505799 0.505891 0.505726 0.506080 
0.341433 0.511506 0.510652 0.512130 0.510629 0.511047 0.511306 0.511450 0.511099 0.511378 
0.343781 0.514779 0.513961 0.515441 0.513774 0.514422 0.514614 0.514788 0.514326 0.514559 
0.344083 0.513654 0.514269 0.515875 0.514258 0.514394 0.515009 0.515230 0.514748 0.514212 
0.337255 0.505687 0.504764 0.506239 0.504890 0.505062 0.505428 0.505516 0.505357 0.504579 
0.380127 0.562247 0.562017 0.565362 0.561365 0.562130 0.561523 0.561428 0.567670 0.561639 
0.405565 0.595276 0.595359 0.595446 0.594716 0.595388 0.595384 0.597367 0.594840 0.593879 
0.405565 0.595276 0.595359 0.595446 0.594716 0.595696 0.595384 0.597367 0.594840 0.593879 
0.410016 0.600755 0.600954 0.600816 0.600265 0.600865 0.600703 0.602710 0.600296 0.599450 
0.417626 0.610122 0.609974 0.610139 0.609845 0.610432 0.609527 0.611297 0.609418 0.608871 
0.421927 0.615399 0.615186 0.615379 0.615207 0.615536 0.615110 0.616265 0.614617 0.613352 
0.428384 0.623593 0.623677 0.623411 0.623714 0.624188 0.623117 0.623941 0.623312 0.622961 
0.438044 0.635221 0.634717 0.635015 0.635392 0.635384 0.635134 0.634881 0.634099 0.634253 
0.449193 0.649193 0.648178 0.648417 0.648592 0.649082 0.647536 0.647392 0.648517 0.648281 
0.451866 0.652289 0.651771 0.651325 0.652448 0.651259 0.650714 0.652996 0.651608 0.651846 
0.451114 0.651343 0.650845 0.650405 0.651501 0.651432 0.649805 0.652038 0.650675 0.650893 
0.451404 0.651689 0.651038 0.650743 0.651890 0.651787 0.650151 0.649814 0.651041 0.651237 
0.493824 0.699566 0.699112 0.701616 0.699625 0.700200 0.699333 0.699852 0.703521 0.700346 
0.495891 0.701819 0.701409 0.703794 0.701919 0.702399 0.703284 0.702106 0.705610 0.702579 
0.501821 0.707960 0.707890 0.708949 0.708454 0.708824 0.708236 0.708609 0.711553 0.709027 
0.531922 0.741488 0.741853 0.742022 0.742361 0.740606 0.741163 0.741374 0.741996 0.741481 
0.531922 0.741488 0.741853 0.742022 0.742361 0.740606 0.741163 0.741374 0.741996 0.741474 
0.534060 0.743436 0.743853 0.744028 0.744302 0.743016 0.741709 0.743745 0.744194 0.743833 
0.545401 0.753705 0.755729 0.755372 0.756571 0.755821 0.756752 0.756329 0.755319 0.756336 
0.557638 0.764832 0.768067 0.767797 0.768297 0.767892 0.769166 0.768361 0.768710 0.768357 
0.570642 0.775011 0.781140 0.781047 0.781260 0.780458 0.778767 0.780915 0.783132 0.780913 
0.584230 0.792166 0.794873 0.794793 0.793826 0.794406 0.793930 0.794472 0.797832 0.794448 
0.584542 0.793096 0.795186 0.795109 0.794135 0.792144 0.794102 0.794772 0.798178 0.794748 
0.675614 0.872613 0.872609 0.873007 0.873049 0.871353 0.872800 0.872687 0.872855 0.872911 
0.671965 0.869817 0.869872 0.870090 0.870120 0.871293 0.870145 0.870154 0.865351 0.870114 
0.668208 0.866915 0.867048 0.867107 0.868937 0.866243 0.867412 0.867539 0.865685 0.867241 
0.668229 0.866953 0.867069 0.867103 0.867122 0.871231 0.867427 0.867560 0.865732 0.867250 
0.675379 0.872432 0.872432 0.872821 0.872874 0.870923 0.872630 0.872524 0.870961 0.872732 
0.675422 0.872455 0.872461 0.872864 0.872923 0.870925 0.872678 0.872358 0.870979 0.872767 
0.671454 0.869405 0.869473 0.869700 0.869819 0.870888 0.869775 0.869144 0.864827 0.869728 
0.684953 0.880267 0.880006 0.879995 0.877787 0.881557 0.879545 0.879292 0.878662 0.879925 
0.696660 0.889057 0.888481 0.888376 0.891038 0.887239 0.888203 0.887369 0.886983 0.888952 
0.706135 0.896169 0.895551 0.897247 0.895854 0.897571 0.894879 0.893934 0.893701 0.896259 
0.724356 0.909847 0.909129 0.912104 0.908369 0.902114 0.908276 0.906497 0.906623 0.910312 
0.744303 0.920764 0.923067 0.919321 0.920114 0.925413 0.917916 0.920510 0.921614 0.921461 
0.758018 0.926653 0.929029 0.925687 0.929139 0.928599 0.924466 0.931308 0.928671 0.927518 
0.762321 0.928478 0.930908 0.927684 0.931442 0.930110 0.926516 0.933797 0.930573 0.931054 
0.880340 0.981925 0.982629 0.982242 0.983829 0.982496 0.982724 0.982629 0.982593 0.982696 
0.880319 0.981901 0.982620 0.982226 0.983841 0.982483 0.982717 0.982620 0.982576 0.981747 
0.880165 0.981827 0.982492 0.982110 0.983644 0.982376 0.981662 0.982465 0.982575 0.981604 
0.880407 0.981996 0.982659 0.982287 0.983801 0.982537 0.981841 0.982662 0.982645 0.981773 
0.879647 0.982059 0.982324 0.982128 0.982846 0.982337 0.982302 0.982322 0.982534 0.977919 
0.881037 0.982689 0.982932 0.982773 0.983489 0.982923 0.982963 0.982960 0.983159 0.981957 
0.881119 0.982420 0.982949 0.982746 0.983341 0.982945 0.982245 0.983187 0.983054 0.981935 
0.890459 0.984720 0.985747 0.984894 0.985240 0.985354 0.995630 0.984973 0.985057 0.984125 
0.907915 0.990068 0.994678 0.989536 0.989368 0.991162 0.988191 0.989908 0.989521 0.989157 
0.925360 0.994222 0.993275 0.993914 0.992922 0.995295 0.998734 0.992770 0.993504 0.993275 
0.941952 0.996686 0.995374 0.996495 0.995166 0.998323 0.994971 0.995031 0.995820 0.995922 
0.960909 0.997318 0.998171 0.997682 0.998386 0.998056 0.999052 0.998390 0.997050 0.998118 
0.980114 0.999315 0.999474 0.999727 0.999857 0.999662 0.999659 0.999537 0.999502 0.999732 
1.000000 1.000000 1.000000 0.001673 0.000000 1.000000 0.999989 1.000000 1.000000 1.000000 
