0.000551 0.997592 0.664724 0.000927 0.010218 0.016632 0.116053 0.991341 0.265337 0.141878 
0.007936 0.367214 0.064615 0.005361 0.597947 0.974638 0.510952 0.637705 0.021570 0.915489 
0.004420 0.670361 0.792105 0.804819 0.961373 0.300022 0.679646 0.421586 0.798412 0.762960 
0.006876 0.530912 0.719452 0.340188 0.003689 0.907937 0.583703 0.844631 0.599694 0.583750 
0.006159 0.631459 0.467919 0.161504 0.224586 0.190723 0.473008 0.824933 0.207891 0.193454 
0.016272 0.517804 0.701713 0.340850 0.010257 0.671237 0.595482 0.828397 0.583062 0.571986 
0.051797 0.232814 0.237363 0.958710 0.542858 0.476758 0.362098 0.978717 0.901737 0.196951 
0.057182 0.744816 0.955878 0.993294 0.964810 0.195130 0.345282 0.991480 0.989526 0.092981 
0.069325 0.314210 0.687256 0.008143 0.076275 0.529980 0.396399 0.849786 0.001833 0.645317 
0.076177 0.812220 0.140633 0.815175 0.044900 0.191778 0.065827 0.647856 0.420644 0.229794 
0.077711 0.180093 0.934259 0.318732 0.657622 0.500187 0.409670 0.353036 0.617461 0.396329 
0.091481 0.952422 0.722432 0.472430 0.105723 0.983534 0.912861 0.950951 0.104142 0.956438 
0.093156 0.816367 0.997729 0.115025 0.249750 0.974775 0.463318 0.307878 0.000661 0.962588 
0.092094 0.351014 0.762779 0.205329 0.239908 0.290502 0.974292 0.102332 0.795694 0.644680 
0.087557 0.301498 0.909034 0.206528 0.933454 0.241841 0.832041 0.680162 0.360749 0.565873 
0.087557 0.301498 0.909034 0.206528 0.933454 0.241841 0.832041 0.680162 0.360749 0.565873 
0.088828 0.315376 0.868044 0.206192 0.739078 0.255479 0.871909 0.518217 0.482649 0.401961 
0.134919 0.704217 0.158359 0.138702 0.576091 0.300473 0.548758 0.393970 0.551710 0.871108 
0.135297 0.887227 0.945483 0.367112 0.597935 0.603694 0.470811 0.366689 0.075391 0.102501 
0.149243 0.213346 0.968062 0.986508 0.825145 0.778218 0.575426 0.876870 0.791124 0.227173 
0.151020 0.984714 0.348960 0.956771 0.338150 0.071782 0.836541 0.873631 0.986863 0.910834 
0.149245 0.309758 0.084696 0.018793 0.518724 0.905996 0.465835 0.549478 0.065468 0.869516 
0.173383 0.212123 0.971305 0.296383 0.028559 0.117884 0.077001 0.049233 0.003243 0.364867 
0.181849 0.341610 0.188470 0.221013 0.792670 0.494957 0.996781 0.143107 0.261731 0.831877 
0.181849 0.341610 0.188470 0.221013 0.792670 0.494957 0.996781 0.143107 0.317713 0.831877 
0.149245 0.309758 0.084696 0.018793 0.518724 0.905996 0.465835 0.549478 0.065468 0.869516 
0.149245 0.309758 0.084696 0.018793 0.518724 0.905996 0.465835 0.549478 0.065468 0.869516 
0.205233 0.785194 0.154459 0.596528 0.728952 0.889540 0.319269 0.764262 0.310306 0.083055 
0.221435 0.187594 0.350497 0.947900 0.680370 0.479436 0.281829 0.937653 0.628525 0.393941 
0.223527 0.271804 0.574469 0.029689 0.278598 0.513425 0.358027 0.879215 0.211724 0.561126 
0.225615 0.209404 0.690182 0.359749 0.516130 0.600116 0.311102 0.199767 0.102308 0.168303 
0.227094 0.107559 0.412787 0.477456 0.778457 0.810574 0.367330 0.732346 0.851409 0.367802 
0.218707 0.129342 0.377441 0.428044 0.750476 0.820853 0.377942 0.712646 0.766739 0.119217 
0.261694 0.380738 0.053923 0.316937 0.756419 0.316069 0.653184 0.618038 0.341728 0.560504 
0.251055 0.098222 0.136579 0.211969 0.086992 0.827340 0.371931 0.559418 0.954433 0.246326 
0.268048 0.166579 0.226374 0.358586 0.769536 0.895587 0.911112 0.393402 0.137387 0.256754 
0.268048 0.166579 0.226374 0.358586 0.769536 0.895587 0.911112 0.393402 0.137387 0.256754 
0.268048 0.166579 0.271439 0.326106 0.769536 0.895587 0.911112 0.393402 0.137387 0.256754 
0.274495 0.007591 0.032146 0.604652 0.275458 0.944965 0.261331 0.340898 0.540889 0.586499 
0.304784 0.461478 0.448361 0.438702 0.067254 0.739849 0.229029 0.144272 0.184840 0.123630 
0.302707 0.142742 0.028037 0.568740 0.243659 0.603815 0.275340 0.417221 0.561383 0.530241 
0.307123 0.538508 0.263559 0.668267 0.421841 0.789382 0.911317 0.570063 0.946532 0.474925 
0.318038 0.772987 0.522321 0.372404 0.393493 0.518018 0.401547 0.886983 0.786870 0.114407 
0.315244 0.422373 0.897556 0.791759 0.701192 0.591462 0.986107 0.111136 0.485778 0.633804 
0.339690 0.317533 0.234866 0.704705 0.942497 0.524398 0.482672 0.757730 0.672314 0.241395 
0.339690 0.317533 0.224468 0.704705 0.942497 0.524398 0.482672 0.757730 0.672314 0.241395 
0.356260 0.476111 0.320888 0.349097 0.397800 0.594940 0.080082 0.468543 0.141244 0.263486 
0.356260 0.476111 0.320888 0.349097 0.397800 0.594940 0.080082 0.468543 0.141244 0.263486 
0.362064 0.762326 0.090162 0.500741 0.407582 0.940987 0.353895 0.971964 0.633457 0.650150 
0.315244 0.422373 0.897556 0.791759 0.701192 0.591462 0.986107 0.111136 0.485778 0.633804 
0.385084 0.651703 0.726072 0.393600 0.248546 0.326449 0.821049 0.479100 0.639342 0.901419 
0.391910 0.341064 0.675655 0.251314 0.532973 0.001288 0.078150 0.546356 0.682880 0.093734 
0.391744 0.328048 0.664045 0.041731 0.518379 0.012557 0.077334 0.545103 0.691971 0.099817 
0.430130 0.198311 0.710526 0.515568 0.307844 0.586889 0.581854 0.386951 0.809373 0.426180 
0.465547 0.458509 0.495307 0.548814 0.233423 0.577986 0.495083 0.662361 0.886641 0.787652 
0.465547 0.458509 0.495307 0.548814 0.233423 0.577986 0.495083 0.662361 0.886641 0.787652 
0.455556 0.874971 0.005772 0.374176 0.071375 0.690090 0.351236 0.830732 0.672420 0.225439 
0.451219 0.950699 0.435904 0.696780 0.907424 0.999033 0.010734 0.606045 0.093589 0.259641 
0.468506 0.366549 0.692517 0.846233 0.273624 0.429794 0.214562 0.524417 0.786900 0.359252 
0.476381 0.949269 0.002687 0.383850 0.099783 0.712985 0.315537 0.872467 0.665356 0.201417 
0.466454 0.824926 0.629519 0.296777 0.371873 0.421579 0.264588 0.932592 0.787387 0.079528 
0.543623 0.732933 0.442464 0.656075 0.717806 0.962530 0.048313 0.737978 0.712117 0.294889 
0.550189 0.695134 0.643277 0.538465 0.716501 0.594074 0.275212 0.488975 0.260569 0.741963 
0.536189 0.997770 0.364852 0.940286 0.703538 0.061855 0.457261 0.804950 0.594886 0.810272 
0.560833 0.998381 0.702254 0.432262 0.178674 0.794538 0.771736 0.378990 0.991829 0.977624 
0.560833 0.998381 0.702254 0.432262 0.178674 0.794538 0.771736 0.378990 0.991829 0.977624 
0.549722 0.005941 0.786414 0.894917 0.877012 0.968584 0.141824 0.985978 0.013889 0.026967 
0.550893 0.999127 0.693686 0.444983 0.182542 0.777008 0.696094 0.390987 0.991708 0.976004 
0.581494 0.087102 0.601913 0.662115 0.985959 0.485387 0.103448 0.846397 0.021371 0.831708 
0.554621 0.118731 0.857145 0.666748 0.557140 0.243899 0.860827 0.278846 0.003213 0.228491 
0.590770 0.843855 0.493780 0.187314 0.415164 0.111124 0.010163 0.458123 0.488331 0.162305 
0.536189 0.982677 0.364852 0.940286 0.703538 0.061855 0.457261 0.804950 0.594886 0.391918 
0.638940 0.827201 0.857481 0.374333 0.846758 0.640019 0.738107 0.583774 0.080842 0.860117 
0.632359 0.999905 0.045144 0.715813 0.001188 0.656918 0.990441 0.005097 0.815319 0.809646 
0.634777 0.892333 0.887073 0.289763 0.870408 0.650795 0.730081 0.598881 0.071735 0.889601 
0.654674 0.698481 0.610236 0.979653 0.394881 0.263442 0.614823 0.799535 0.865215 0.781170 
0.717136 0.257424 0.919558 0.546210 0.157158 0.049775 0.095698 0.779410 0.770852 0.231925 
0.717832 0.996846 0.014168 0.890036 0.628542 0.694253 0.473494 0.812759 0.419661 0.657358 
0.670803 0.652142 0.998026 0.562961 0.915067 0.371815 0.078514 0.178772 0.021194 0.955121 
0.703522 0.498209 0.883525 0.057066 0.131975 0.047280 0.321877 0.991489 0.458337 0.455887 
0.708835 0.467459 0.971844 0.469087 0.368580 0.559720 0.342014 0.997446 0.997915 0.142517 
0.714391 0.597228 0.121636 0.197785 0.172200 0.227961 0.397168 0.106066 0.366567 0.120022 
0.704211 0.582104 0.132202 0.597507 0.306536 0.504700 0.198671 0.460167 0.293390 0.546859 
0.842643 0.002270 0.960702 0.261829 0.994574 0.877707 0.997234 0.003652 0.001486 0.071827 
0.882663 0.994164 0.191183 0.842626 0.957325 0.799351 0.004020 0.988065 0.436933 0.928171 
0.800868 0.004843 0.715691 0.041686 0.950270 0.129553 0.001553 0.009362 0.004628 0.972751 
0.855410 0.984649 0.515568 0.991911 0.128627 0.801267 0.998081 0.075895 0.026793 0.441716 
0.814211 0.100583 0.992072 0.160926 0.072272 0.015696 0.041429 0.896496 0.857007 0.027042 
0.885124 0.689811 0.946942 0.166076 0.514346 0.575728 0.107610 0.785202 0.059800 0.890201 
0.885129 0.991183 0.594052 0.303508 0.768334 0.755577 0.193499 0.248591 0.883611 0.212673 
0.878035 0.684311 0.942613 0.177649 0.510250 0.544432 0.109430 0.780764 0.072171 0.881167 
0.878954 0.967453 0.589868 0.308050 0.770306 0.527629 0.196773 0.254355 0.881219 0.208454 
0.863736 0.965681 0.636443 0.776849 0.236709 0.738069 0.901643 0.274650 0.036042 0.567386 
0.863736 0.965681 0.636443 0.776849 0.236709 0.738069 0.901643 0.274650 0.036042 0.567386 
0.985744 0.987661 0.170066 0.888562 0.027722 0.965401 0.983981 0.043764 0.003827 0.785705 
0.988932 0.225528 0.206847 0.593290 0.227553 0.431275 0.404966 0.108180 0.563268 0.723051 
0.987298 0.317610 0.171489 0.557516 0.387028 0.327725 0.364069 0.223042 0.689636 0.658952 
0.983459 0.534082 0.143382 0.473418 0.761930 0.084296 0.267926 0.493063 0.986708 0.508267 
0.983459 0.534082 0.143382 0.473418 0.761930 0.084296 0.701303 0.493063 0.986708 0.508267 
0.966881 0.883182 0.945574 0.445094 0.369718 0.978014 0.866830 0.032409 0.625873 0.514299 
