0.000000 0.340371 0.000302 0.359724 0.998351 0.996523 0.067359 0.959547 0.586718 0.999863 
0.000000 0.000798 0.002431 0.000185 0.999871 0.992573 0.342525 0.017215 0.999966 0.999991 
0.000000 0.582007 0.000087 0.615053 0.997423 0.998949 0.031677 0.993794 0.266220 0.999946 
0.000000 0.003748 0.001000 0.000032 0.999967 0.999909 0.873899 0.003325 0.999990 0.999999 
0.000000 0.000785 0.001200 0.000183 0.999867 0.991773 0.342787 0.016985 0.999967 0.981167 
0.000000 0.000798 0.022245 0.000185 0.999871 0.992573 0.342525 0.017215 0.999966 0.999991 
0.062124 0.097590 0.096361 0.097910 0.099617 0.097254 0.098446 0.097294 0.097744 0.996616 
0.062117 0.097578 0.096404 0.097898 0.099667 0.097242 0.098434 0.097196 0.097732 0.994925 
0.062117 0.097578 0.096353 0.097898 0.100052 0.097242 0.097264 0.097123 0.097732 0.989836 
0.062117 0.097578 0.096398 0.097898 0.099480 0.097242 0.098434 0.097192 0.097732 0.989823 
0.062117 0.097578 0.096267 0.097371 0.100544 0.097242 0.098434 0.097479 0.097732 0.996341 
0.062117 0.097578 0.096416 0.097898 0.100019 0.097242 0.098434 0.097205 0.097732 0.989848 
0.062117 0.097578 0.096442 0.097898 0.100764 0.097242 0.098434 0.097222 0.097732 0.997704 
0.062117 0.097578 0.098193 0.097898 0.099090 0.097242 0.098434 0.099499 0.097732 0.990208 
0.062117 0.097578 0.098193 0.097898 0.099090 0.097242 0.098434 0.099499 0.097732 0.988493 
0.065378 0.102524 0.101264 0.102367 0.105478 0.102242 0.103342 0.102487 0.102680 0.991942 
0.062254 0.097816 0.095554 0.098138 0.098684 0.097482 0.098672 0.099117 0.097970 0.989687 
0.207937 0.320643 0.322069 0.322412 0.323349 0.323176 0.320771 0.323794 0.321065 0.322072 
0.214908 0.331230 0.330358 0.333531 0.332131 0.332126 0.331319 0.330831 0.330966 0.330149 
0.216451 0.332334 0.333377 0.333850 0.334500 0.332944 0.331886 0.334020 0.332769 0.333240 
0.218313 0.335355 0.334637 0.336849 0.336680 0.336733 0.335571 0.335513 0.334221 0.335561 
0.214862 0.331173 0.330289 0.333465 0.332065 0.332063 0.332301 0.330791 0.330900 0.330073 
0.219205 0.336913 0.335570 0.339719 0.337814 0.337673 0.336230 0.338007 0.335988 0.337668 
0.218952 0.335464 0.336626 0.336912 0.337869 0.337713 0.335478 0.338312 0.335692 0.336706 
0.215747 0.332102 0.331661 0.334376 0.333321 0.335310 0.332781 0.332418 0.331937 0.331508 
0.214858 0.331168 0.330167 0.334263 0.332060 0.332057 0.332184 0.330785 0.330896 0.330075 
0.214769 0.331061 0.330172 0.326923 0.331941 0.331938 0.330297 0.330664 0.330811 0.330089 
0.218952 0.335464 0.336626 0.337673 0.337869 0.337626 0.334519 0.338312 0.335692 0.336706 
0.478464 0.682350 0.682366 0.682743 0.682442 0.683016 0.682717 0.682105 0.682205 0.683628 
0.474232 0.678913 0.677368 0.678066 0.679040 0.677606 0.677457 0.677490 0.676772 0.678495 
0.478763 0.682684 0.682675 0.683535 0.682760 0.683323 0.683093 0.682445 0.682543 0.683959 
0.478459 0.682350 0.682358 0.682739 0.682439 0.683007 0.682711 0.682099 0.682196 0.681327 
0.477512 0.682234 0.680292 0.682142 0.682016 0.681412 0.681655 0.681287 0.680614 0.681983 
0.472439 0.674392 0.675459 0.677628 0.676818 0.675559 0.675186 0.675303 0.676185 0.676474 
0.477416 0.682437 0.680804 0.681925 0.681790 0.681158 0.681470 0.681016 0.680367 0.682083 
0.478004 0.681190 0.682009 0.683109 0.682448 0.682714 0.682603 0.682679 0.681882 0.681381 
0.478029 0.681078 0.682087 0.683328 0.682437 0.682792 0.682661 0.682802 0.682740 0.682683 
0.478004 0.681190 0.682009 0.683250 0.682448 0.682714 0.682603 0.682678 0.681881 0.681396 
0.477775 0.680332 0.681209 0.682734 0.682634 0.682107 0.682161 0.682030 0.681291 0.681710 
0.488139 0.694316 0.691351 0.694947 0.694463 0.693768 0.694990 0.693246 0.695058 0.694163 
0.488141 0.694306 0.692377 0.691277 0.693675 0.692347 0.694460 0.692655 0.694191 0.694172 
0.489271 0.694199 0.691481 0.695038 0.694468 0.693777 0.695051 0.693230 0.695055 0.694164 
0.488140 0.690773 0.691538 0.694289 0.693816 0.693670 0.695004 0.693247 0.695190 0.694164 
0.488140 0.693179 0.692364 0.691251 0.692723 0.692971 0.694873 0.693105 0.693149 0.694340 
0.488141 0.694310 0.692380 0.691937 0.695256 0.692829 0.694790 0.692787 0.694550 0.693080 
0.488141 0.694312 0.692380 0.694929 0.691056 0.693125 0.694990 0.692895 0.694628 0.694172 
0.488138 0.694530 0.690694 0.692586 0.692441 0.693986 0.694859 0.693411 0.695225 0.694157 
0.488140 0.694312 0.692358 0.691240 0.692338 0.693224 0.695041 0.693288 0.692727 0.694408 
0.489184 0.694120 0.691549 0.693528 0.694334 0.693715 0.695037 0.693220 0.694908 0.694177 
0.488140 0.694320 0.692381 0.691263 0.692486 0.694193 0.695717 0.693267 0.695001 0.694199 
0.724126 0.907618 0.907728 0.907645 0.907754 0.907093 0.005584 0.907079 0.906700 0.908135 
0.721739 0.905356 0.906673 0.905120 0.906743 0.906150 0.000000 0.906065 0.905638 0.906739 
0.724126 0.907487 0.907729 0.906154 0.907754 0.907165 0.000000 0.907081 0.906700 0.907421 
0.724131 0.907610 0.907732 0.905292 0.907757 0.907173 0.000000 0.907077 0.906702 0.907461 
0.724131 0.907610 0.907732 0.905292 0.907757 0.907173 0.000000 0.907077 0.906702 0.907461 
0.724122 0.906951 0.907726 0.906065 0.907752 0.907165 0.000000 0.907080 0.906699 0.906985 
0.724130 0.906419 0.907731 0.906162 0.907756 0.907166 0.000000 0.907082 0.906701 0.907745 
0.724120 0.907639 0.907725 0.906160 0.907751 0.906993 0.000000 0.907080 0.906699 0.908878 
0.724120 0.907659 0.907725 0.906160 0.907751 0.906990 0.000000 0.907080 0.906699 0.908897 
0.724126 0.905259 0.907729 0.906121 0.907754 0.907165 0.000000 0.907081 0.906700 0.907422 
0.724126 0.905143 0.907729 0.906162 0.907754 0.907165 0.000000 0.907081 0.906700 0.907420 
0.734315 0.000009 0.914847 0.913011 0.914446 0.912419 0.002277 0.912104 0.911412 0.911389 
0.745553 0.000003 0.922706 0.922039 0.921828 0.918217 0.004788 0.922202 0.916608 0.915720 
0.804974 0.953427 0.953384 0.953392 0.953448 0.000001 0.953571 0.953178 0.000000 0.000214 
0.805023 0.953445 0.953410 0.953419 0.953470 0.000002 0.953588 0.953041 0.000000 0.000120 
0.805031 0.953448 0.953414 0.953424 0.953474 0.000002 0.953591 0.952980 0.000000 0.000111 
0.805047 0.953454 0.953422 0.953432 0.953481 0.000003 0.953597 0.952927 0.000000 0.000083 
0.805015 0.953442 0.953406 0.953415 0.953467 0.000000 0.953586 0.952851 0.000000 0.000026 
0.805030 0.953448 0.953413 0.953423 0.953473 0.000003 0.953591 0.952856 0.000000 0.000051 
0.805964 0.953803 0.953899 0.953944 0.953901 0.000003 0.953928 0.953207 0.000000 0.000002 
0.814336 0.956981 0.958251 0.958607 0.957732 0.000000 0.956952 0.956344 0.000000 0.000307 
0.822784 0.961676 0.961866 0.962290 0.961753 0.000000 0.963210 0.000000 0.000004 0.000080 
0.885067 0.983891 0.984543 0.981085 0.987382 0.984199 0.984044 0.983628 0.981361 0.984111 
0.885356 0.983979 0.984565 0.981540 0.987650 0.984295 0.984020 0.983747 0.986483 0.984183 
0.885710 0.984087 0.984592 0.982097 0.987979 0.984413 0.983990 0.983892 0.987266 0.984270 
0.888145 0.984474 0.984618 0.983036 0.988285 0.985080 0.984755 0.984788 0.987611 0.985180 
0.885851 0.984108 0.984601 0.982121 0.987907 0.984457 0.984037 0.983937 0.987286 0.983232 
0.891085 0.984909 0.985026 0.982992 0.985241 0.986084 0.985758 0.985595 0.987996 0.986310 
0.887806 0.984353 0.984715 0.981946 0.987498 0.985246 0.984826 0.984522 0.987523 0.984733 
0.891128 0.984916 0.984934 0.982999 0.985219 0.986097 0.985772 0.985609 0.988002 0.986335 
0.890823 0.984869 0.987919 0.984397 0.985374 0.986002 0.985671 0.985512 0.987960 0.986218 
0.895172 0.985833 0.982771 0.984874 0.987184 0.987018 0.986624 0.988112 0.989477 0.987068 
0.903124 0.987628 0.987807 0.988351 0.986227 0.989314 0.988539 0.992914 0.989137 0.988725 
0.909628 0.988954 0.994876 0.988456 0.991072 0.989539 0.988791 0.989934 0.991211 0.989694 
0.916418 0.998488 0.994440 0.991186 0.991787 0.991367 0.990489 0.991340 0.993535 0.990949 
0.927358 0.995300 0.993831 0.994752 0.992742 0.993928 0.993056 0.993359 0.996761 0.992878 
0.928365 0.997158 0.995285 0.995211 0.994328 0.993927 0.993922 0.994034 0.997565 0.993754 
0.936445 0.993450 0.993623 0.995066 0.992907 0.994834 0.994645 0.994254 0.997792 0.994187 
0.939546 0.995188 0.994208 0.995219 0.997226 0.995520 0.995848 0.995385 0.998800 0.995437 
0.945788 0.996381 0.995337 0.995908 0.995109 0.996397 0.997172 0.995912 0.999727 0.996480 
0.952325 0.997345 0.996528 0.996745 0.996544 0.997596 0.997683 0.997066 0.999477 0.997343 
0.957412 0.997482 0.997403 0.998800 0.997643 0.999243 0.997504 0.997716 0.999072 0.998080 
0.963233 0.998121 0.998371 0.998763 0.998828 0.997616 0.998181 0.999722 0.999618 0.998994 
0.968281 0.999002 0.999266 0.999460 0.999944 0.998141 0.998847 0.998900 0.999963 0.999900 
0.973884 0.999364 0.999979 0.998319 0.999221 0.999213 0.999731 0.999507 0.999391 0.999828 
0.979314 0.999152 0.999874 0.999977 0.999475 0.999994 0.999539 0.999778 0.999988 0.999622 
0.984553 0.999881 0.999628 0.999177 0.999351 0.999606 0.999740 0.999403 0.999861 0.999897 
0.989866 0.999997 0.999887 0.999688 0.999985 0.999889 0.999859 0.999979 0.999998 0.999966 
0.994940 0.999928 0.999845 0.999959 0.999837 0.999819 0.999995 0.999992 0.999999 0.999992 
1.000000 0.999946 1.000000 1.000000 1.000000 0.000127 0.001901 0.000138 0.999617 0.000000 
