0.000000 0.197770 1.000000 0.012687 0.000001 0.987446 0.378748 0.999982 0.999493 0.999816 
0.008468 0.006437 0.999993 0.999999 0.998688 0.001476 0.002438 0.999999 0.974329 0.005627 
0.017094 0.126408 0.998709 1.000000 0.999999 0.038037 0.019751 1.000000 0.007886 0.041438 
0.021046 0.040131 0.018156 0.011477 0.125530 0.019665 0.025192 0.086779 0.000423 0.021945 
0.026763 0.064570 0.999912 1.000000 0.041612 0.035866 0.035854 1.000000 0.011962 0.027324 
0.026763 0.064570 0.999912 1.000000 0.041612 0.035866 0.035854 1.000000 0.011962 0.027324 
0.049971 0.005735 0.305873 0.011842 0.981537 0.640601 0.998632 0.041413 0.138666 0.990193 
0.054085 0.217156 0.995329 1.000000 0.999994 0.135711 0.083873 0.999999 0.086129 0.157895 
0.057265 0.251082 0.127176 0.077875 0.274716 0.129041 0.079654 0.159498 0.034083 0.095206 
0.074212 0.265833 0.118928 0.085539 0.166196 0.115594 0.180451 0.159830 0.162413 0.071367 
0.076936 0.262504 0.134200 0.087759 0.126847 0.131496 0.170569 0.166431 0.134130 0.090265 
0.076463 0.262229 0.134031 0.087521 0.130400 0.131437 0.218249 0.166264 0.128572 0.101876 
0.076996 0.262539 0.134221 0.087789 0.126393 0.131503 0.222097 0.166452 0.134841 0.102062 
0.076463 0.294797 0.134031 0.087521 0.130400 0.131437 0.218249 0.166264 0.128572 0.101876 
0.079764 0.039939 0.162521 0.090724 0.070891 0.160080 0.140222 0.177660 0.072076 0.125071 
0.074794 0.245640 0.113585 0.072018 0.305733 0.116388 0.227581 0.165120 0.119144 0.102522 
0.078736 0.290057 0.138739 0.098910 0.016175 0.126953 0.219500 0.168766 0.145157 0.131549 
0.134756 0.252933 0.148125 0.421250 0.763241 0.253638 0.327006 0.233242 0.210808 0.185846 
0.139288 0.262696 0.218535 0.091569 0.588238 0.486343 0.230902 0.211476 0.148434 0.192344 
0.143676 0.279363 0.179714 0.125966 0.996211 0.256832 0.322139 0.225797 0.215224 0.303514 
0.153640 0.282543 0.272189 0.168684 0.892360 0.267344 0.339588 0.238673 0.221653 0.231264 
0.159536 0.278468 0.280391 0.127304 0.916805 0.272670 0.342351 0.244185 0.228994 0.246894 
0.168994 0.271931 0.289918 0.159005 0.989886 0.281213 0.346784 0.253027 0.240769 0.271965 
0.170799 0.270683 0.292003 0.090383 0.998434 0.282844 0.228844 0.254715 0.243017 0.276751 
0.182113 0.270134 0.294970 0.160684 0.959735 0.278735 0.307395 0.250341 0.240681 0.296213 
0.179559 0.264628 0.308246 0.198918 0.999818 0.290756 0.351736 0.262904 0.253923 0.299971 
0.175896 0.267160 0.303150 0.164144 0.996374 0.287448 0.350019 0.259480 0.249363 0.290261 
0.163713 0.271696 0.291204 0.149838 0.948365 0.275326 0.294817 0.246777 0.236924 0.295146 
0.212320 0.336662 0.459327 0.341844 0.736360 0.360609 0.395829 0.253616 0.318598 0.342993 
0.218980 0.348104 0.460204 0.343118 0.702757 0.366995 0.400546 0.231993 0.329141 0.364114 
0.237341 0.404940 0.350993 0.186439 0.534266 0.367051 0.466196 0.363765 0.330388 0.347282 
0.240500 0.406918 0.352062 0.195112 0.524611 0.374977 0.463666 0.357559 0.337624 0.384553 
0.239436 0.407186 0.344435 0.050430 0.530788 0.371775 0.467311 0.363594 0.334360 0.368999 
0.244746 0.362346 0.337768 0.329383 0.456166 0.403732 0.381765 0.250580 0.374055 0.755679 
0.258458 0.402391 0.480762 0.322438 0.420376 0.429009 0.402162 0.255731 0.392700 0.647011 
0.275686 0.420908 0.501533 0.379430 0.413480 0.468910 0.413427 0.296174 0.423918 0.554122 
0.270757 0.430131 0.427889 0.348713 0.414589 0.419419 0.428673 0.007264 0.412063 0.599857 
0.285730 0.431703 0.513641 0.447720 0.409460 0.492169 0.430266 0.319749 0.442116 0.499974 
0.278565 0.450479 0.454942 0.354515 0.402108 0.424128 0.442754 0.038528 0.423472 0.553082 
0.301322 0.456987 0.461684 0.465797 0.550984 0.459314 0.468385 0.364513 0.421255 0.332992 
0.332283 0.498528 0.499379 0.539407 0.464713 0.500562 0.498922 0.391242 0.463308 0.352019 
0.332173 0.499235 0.416735 0.554443 0.461341 0.495971 0.500364 0.403715 0.461877 0.475032 
0.338064 0.505945 0.424983 0.559916 0.467142 0.515137 0.506707 0.408631 0.468563 0.481798 
0.346973 0.508548 0.554713 0.565942 0.445179 0.536798 0.556301 0.436996 0.517552 0.513827 
0.332315 0.533642 0.525647 0.538087 0.477493 0.501499 0.499053 0.388697 0.463663 0.337098 
0.344487 0.498229 0.413589 0.554654 0.505436 0.495259 0.500480 0.401536 0.460044 0.500028 
0.335846 0.492692 0.550046 0.552082 0.420119 0.500048 0.608132 0.407890 0.472161 0.502892 
0.343664 0.498296 0.413799 0.554640 0.502489 0.495306 0.500473 0.401682 0.460166 0.470408 
0.331628 0.497650 0.498582 0.537851 0.165274 0.499690 0.498276 0.390677 0.462419 0.351617 
0.347457 0.626171 0.575322 0.567594 0.436797 0.542866 0.564467 0.442161 0.525946 0.520177 
0.431379 0.629018 0.579138 0.666167 0.620223 0.775303 0.761117 0.642835 0.526425 0.601787 
0.436163 0.649514 0.634378 0.649843 0.585808 0.770993 0.342152 0.606192 0.696574 0.634507 
0.422239 0.624179 0.591409 0.661221 0.618974 0.746995 0.186609 0.639411 0.701472 0.594653 
0.424963 0.620476 0.587911 0.663230 0.621235 0.790746 0.191200 0.631505 0.703224 0.591125 
0.424572 0.618165 0.587166 0.661604 0.607823 0.784067 0.233734 0.632521 0.701378 0.593546 
0.430473 0.628539 0.580354 0.665677 0.620100 0.993439 0.704194 0.642496 0.475963 0.601080 
0.458695 0.545309 0.534231 0.586407 0.649544 0.579116 0.658736 0.657775 0.620165 0.601893 
0.434575 0.630710 0.574848 0.667897 0.620660 0.785202 0.962006 0.644032 0.704512 0.604282 
0.446341 0.645691 0.616739 0.699808 0.657938 0.815503 0.192158 0.670926 0.499207 0.642596 
0.465027 0.662369 0.636376 0.729724 0.688145 0.868614 0.196459 0.695358 0.722494 0.679765 
0.474610 0.593330 0.616403 0.660635 0.602409 0.700801 0.023640 0.626380 0.689864 0.556205 
0.503994 0.712872 0.704840 0.639847 0.324641 0.701395 0.665189 0.727266 0.663558 0.805549 
0.520996 0.734678 0.683077 0.680134 0.541611 0.727347 0.668843 0.841245 0.706168 0.753730 
0.526132 0.741611 0.654045 0.686306 0.568862 0.735179 0.663923 0.622304 0.709930 0.754322 
0.522314 0.736453 0.675541 0.682124 0.548536 0.729360 0.667325 0.567895 0.707281 0.753583 
0.553402 0.778456 0.500491 0.716174 0.714064 0.776750 0.639618 0.723876 0.728851 0.759596 
0.568861 0.799128 0.409473 0.752378 0.793010 0.800432 0.613731 0.798585 0.746579 0.748415 
0.565278 0.804102 0.454085 0.742509 0.766282 0.798499 0.712371 0.524501 0.777328 0.735076 
0.569461 0.830385 0.413859 0.752693 0.797407 0.801383 0.622365 0.801720 0.752216 0.747715 
0.572950 0.800499 0.094296 0.758184 0.823194 0.805198 0.603778 0.826680 0.752149 0.751669 
0.579900 0.815585 0.490169 0.758172 0.873906 0.817931 0.772603 0.856282 0.850296 0.735536 
0.574841 0.802902 0.077555 0.748917 0.836864 0.808044 0.602094 0.829406 0.754578 0.750191 
0.724968 0.949804 0.971296 0.909657 0.997082 0.994961 0.924055 0.897573 0.907881 0.967003 
0.724964 0.943256 0.944508 0.912609 0.986286 0.994283 0.923826 0.816111 0.908262 0.947716 
0.724968 0.952102 0.944902 0.908251 0.999738 0.995264 0.931167 0.955809 0.907766 0.972601 
0.724968 0.931848 0.836747 0.924793 0.988989 0.991873 0.923066 0.001479 0.908559 0.936314 
0.724968 0.952102 0.944902 0.908251 0.760452 0.995264 0.931167 0.955809 0.907766 0.972601 
0.724958 0.946651 0.966714 0.919374 0.848166 0.995212 0.923344 0.731477 0.907701 0.926175 
0.724950 0.984736 0.956351 0.856636 0.945970 0.999084 0.926591 0.925302 0.907180 0.989175 
0.724940 0.910986 0.851965 0.922601 0.021056 0.996515 0.922936 0.540285 0.910378 0.914602 
0.724965 0.940937 0.922604 0.915085 0.986835 0.993793 0.896606 0.392670 0.908322 0.945398 
0.724965 0.940937 0.922604 0.915085 0.986835 0.993793 0.923672 0.392670 0.908322 0.945398 
0.724964 0.942436 0.917870 0.915665 0.980983 0.993939 0.884856 0.392689 0.908149 0.948247 
0.891531 0.000001 1.000000 0.981400 0.998859 0.982091 0.000189 0.999501 0.998177 0.001375 
0.888451 0.000015 1.000000 0.981220 0.997511 0.981712 0.001210 0.998699 0.998253 0.003230 
0.890441 0.000033 0.999998 0.999984 0.992548 0.992031 0.009531 0.996524 0.990977 0.011107 
0.888824 0.000581 0.999937 0.999883 0.993801 0.995107 0.016620 0.992852 0.992629 0.000147 
0.864773 0.984338 0.974911 0.979834 0.987144 0.978795 0.977512 0.255048 0.998837 0.994808 
0.889540 0.000527 0.999945 0.999879 0.995066 0.995405 0.013749 0.990993 0.997486 0.002329 
0.888767 0.000584 0.999937 0.999884 0.993705 0.999248 0.016834 0.993007 0.992243 0.000016 
0.889543 0.000534 0.999945 0.999879 0.995011 0.995411 0.013943 0.990908 0.997457 0.007936 
0.889366 0.000045 0.999993 0.999870 0.998618 0.995033 0.001340 0.996397 0.999377 0.007203 
0.888367 0.000005 0.999998 0.999825 0.999681 0.993134 0.000667 0.998575 0.999903 0.003384 
0.889027 0.004583 0.999764 0.999882 0.995178 0.995212 0.016889 0.994792 0.997413 0.044560 
0.980268 1.000000 0.999544 0.004087 0.000000 1.000000 0.998584 0.999941 0.999395 1.000000 
0.990299 1.000000 0.999393 0.005874 0.000000 1.000000 0.999997 0.999998 0.999948 0.999991 
0.972642 1.000000 0.999825 0.005742 0.000000 1.000000 0.999802 0.999983 0.999877 0.999992 
0.971513 1.000000 0.999311 0.005987 0.000000 1.000000 0.999983 0.999989 0.999948 0.999990 
0.992952 1.000000 0.999917 0.051011 0.000000 1.000000 0.999956 0.999997 0.999963 0.997888 
1.000000 1.000000 0.998924 0.006525 0.000000 0.999994 0.999521 0.999789 0.999951 0.999985 
