0.000000 0.197770 1.000000 0.012687 0.000001 0.987446 0.378748 0.999991 0.999493 0.999816 
0.009123 0.009144 0.005867 0.009764 0.999812 0.009877 0.009783 0.002162 0.008844 0.013602 
0.013063 0.020999 0.014140 0.018620 0.945544 0.020671 0.019279 0.022176 0.027751 0.032209 
0.022538 0.034864 0.030048 0.033193 0.994385 0.034804 0.056683 0.036547 0.040978 0.042767 
0.021552 0.033421 0.028393 0.031676 0.932961 0.033334 0.023676 0.035052 0.039602 0.041668 
0.038284 0.053438 0.054821 0.051478 0.995231 0.028623 0.069634 0.073632 0.057084 0.060057 
0.049451 0.037488 0.054351 0.076556 0.919966 0.071246 0.077553 0.116780 0.065977 0.059336 
0.058800 0.099101 0.083463 0.083900 0.725276 0.091059 0.103576 0.106465 0.094188 0.085842 
0.060837 0.112527 0.089807 0.085500 0.689070 0.095376 0.109246 0.104217 0.100335 0.091618 
0.064749 0.139858 0.102239 0.088521 0.665157 0.103522 0.119682 0.099133 0.104686 0.103313 
0.080254 0.123759 0.131770 0.119550 0.191769 0.148085 0.129367 0.140948 0.132464 0.048993 
0.086572 0.136649 0.148853 0.109419 0.137307 0.165870 0.232747 0.144310 0.147897 0.109861 
0.088044 0.144077 0.150662 0.111864 0.139388 0.166917 0.228246 0.147347 0.149560 0.111185 
0.081264 0.126815 0.134014 0.119010 0.222129 0.150233 0.119872 0.141747 0.134497 0.055836 
0.109124 0.226201 0.165481 0.119823 0.168824 0.199625 0.202362 0.153697 0.179631 0.182580 
0.117425 0.164837 0.186867 0.160501 0.179990 0.187926 0.127846 0.158149 0.182835 0.138123 
0.117064 0.290523 0.186338 0.160086 0.180411 0.187550 0.127766 0.165941 0.182352 0.137301 
0.145350 0.218393 0.222384 0.197361 0.221846 0.232258 0.270797 0.219857 0.224185 0.208920 
0.141574 0.212237 0.213907 0.188793 0.243238 0.225364 0.141685 0.215217 0.219443 0.205819 
0.145279 0.212705 0.221717 0.197270 0.247137 0.230689 0.274131 0.221677 0.224424 0.206863 
0.160633 0.253177 0.250691 0.224982 0.271021 0.254016 0.246542 0.253221 0.239813 0.205629 
0.164284 0.261019 0.257737 0.231914 0.276343 0.259505 0.266627 0.259745 0.243715 0.205592 
0.144639 0.320389 0.206607 0.196258 0.220581 0.230725 0.225172 0.219401 0.222723 0.203483 
0.179619 0.217810 0.294194 0.275841 0.279879 0.279285 0.309585 0.281302 0.270554 0.216820 
0.188635 0.297758 0.291855 0.262369 0.288270 0.229448 0.291232 0.292549 0.276969 0.258476 
0.184930 0.217720 0.305322 0.288003 0.288873 0.287687 0.315596 0.290825 0.277740 0.218044 
0.150287 0.243981 0.235870 0.211750 0.331019 0.237570 0.245963 0.237160 0.224164 0.196344 
0.148949 0.287498 0.206933 0.207043 0.232346 0.253006 0.249006 0.206536 0.224580 0.240250 
0.216943 0.341791 0.331693 0.314832 0.370938 0.323456 0.329015 0.337379 0.308748 0.270799 
0.221968 0.346076 0.339127 0.323707 0.377081 0.331300 0.380717 0.342171 0.316955 0.284002 
0.223036 0.346076 0.339127 0.323707 0.377081 0.331300 0.380717 0.342171 0.316955 0.284002 
0.217033 0.341868 0.330060 0.314991 0.467176 0.323596 0.329939 0.337465 0.308894 0.271035 
0.257975 0.383511 0.432552 0.395372 0.387995 0.395856 0.404654 0.400147 0.367079 0.282503 
0.264073 0.387334 0.405635 0.404755 0.400897 0.364062 0.414634 0.402844 0.378071 0.311429 
0.263063 0.386808 0.433851 0.403110 0.399351 0.393576 0.413838 0.401333 0.376738 0.310785 
0.287743 0.442770 0.438876 0.441435 0.458662 0.434212 0.468154 0.405888 0.424727 0.439387 
0.281448 0.438975 0.438807 0.431844 0.456752 0.424413 0.447980 0.404094 0.413718 0.419204 
0.283318 0.432118 0.439231 0.434530 0.457643 0.466251 0.451162 0.404835 0.416849 0.428345 
0.288375 0.445439 0.439178 0.442077 0.459011 0.435139 0.466874 0.406147 0.425688 0.456476 
0.297586 0.459880 0.450085 0.455109 0.470641 0.448614 0.470416 0.406992 0.445174 0.446413 
0.294247 0.456519 0.445669 0.450633 0.466483 0.443595 0.467283 0.407030 0.434347 0.447249 
0.293573 0.455841 0.444778 0.449729 0.465643 0.442582 0.466650 0.406843 0.433198 0.447417 
0.320010 0.485126 0.480595 0.497450 0.503470 0.501265 0.513043 0.464243 0.501065 0.496339 
0.326683 0.488051 0.487895 0.487952 0.502985 0.489116 0.497504 0.432369 0.456368 0.454432 
0.335699 0.497903 0.500205 0.504755 0.516429 0.502064 0.506075 0.433960 0.500922 0.427544 
0.333267 0.495791 0.497265 0.502941 0.515070 0.502242 0.503894 0.408312 0.500848 0.437482 
0.327390 0.495644 0.478878 0.512258 0.502320 0.484559 0.509327 0.456072 0.461875 0.482797 
0.342087 0.506378 0.509713 0.525505 0.530486 0.511622 0.512382 0.473472 0.470828 0.425424 
0.320763 0.485960 0.481614 0.468007 0.504546 0.502935 0.514363 0.465876 0.502996 0.499737 
0.326683 0.488051 0.487895 0.487952 0.502985 0.489116 0.516437 0.432369 0.456368 0.454432 
0.403195 0.586338 0.569477 0.598786 0.547390 0.618980 0.625031 0.592180 0.546677 0.592531 
0.402069 0.584649 0.571060 0.618183 0.566416 0.618801 0.624960 0.590925 0.545176 0.594246 
0.424910 0.604447 0.607649 0.620376 0.599454 0.617712 0.640577 0.614953 0.545397 0.599431 
0.426575 0.605531 0.615412 0.585715 0.612241 0.617516 0.618993 0.616669 0.544664 0.599981 
0.423459 0.603237 0.607985 0.561895 0.595975 0.617797 0.619922 0.613432 0.545482 0.598274 
0.423356 0.603151 0.607788 0.562178 0.595727 0.617803 0.619949 0.613323 0.536115 0.598253 
0.433928 0.632453 0.526273 0.594596 0.624804 0.623885 0.626962 0.626444 0.587645 0.591811 
0.443242 0.619735 0.639873 0.622932 0.643408 0.616642 0.614936 0.634179 0.544316 0.603881 
0.443471 0.619926 0.646014 0.617142 0.643958 0.616629 0.614878 0.634419 0.544302 0.608604 
0.443242 0.619735 0.645578 0.617143 0.643408 0.616642 0.614936 0.634179 0.544316 0.603881 
0.423523 0.603290 0.608106 0.561720 0.677166 0.617793 0.619906 0.613499 0.551263 0.598287 
0.536068 0.746654 0.734922 0.731643 0.737683 0.750434 0.752523 0.734138 0.656361 0.743949 
0.534923 0.745412 0.737212 0.715032 0.729912 0.749171 0.745505 0.761808 0.662730 0.738171 
0.547111 0.757440 0.746465 0.752580 0.749800 0.703127 0.761162 0.746793 0.670114 0.755183 
0.532951 0.743549 0.726981 0.713626 0.726001 0.746425 0.731096 0.727150 0.654252 0.737803 
0.532661 0.743259 0.726297 0.711845 0.725183 0.746054 0.754416 0.726818 0.656238 0.737194 
0.543641 0.754029 0.742239 0.736977 0.743958 0.709790 0.758748 0.744532 0.667126 0.750716 
0.544395 0.754774 0.742674 0.738874 0.745173 0.711196 0.759893 0.743038 0.667506 0.751801 
0.557074 0.766612 0.790754 0.741009 0.775104 0.777300 0.708402 0.766293 0.711090 0.766065 
0.544570 0.755101 0.735170 0.755531 0.743347 0.684210 0.774617 0.754860 0.659664 0.752408 
0.574776 0.783532 0.838184 0.760998 0.793200 0.799984 0.693798 0.798981 0.753280 0.786559 
0.580521 0.789028 0.852740 0.767624 0.812163 0.807310 0.686344 0.804340 0.766334 0.793535 
0.662265 0.852486 0.877426 0.857123 0.861149 0.868388 0.860752 0.835357 0.832665 0.876462 
0.699433 0.897794 0.911538 0.892308 0.911208 0.901824 0.893968 0.891997 0.881748 0.913446 
0.699986 0.900340 0.908271 0.884290 0.915030 0.899865 0.894232 0.890438 0.881286 0.912041 
0.702653 0.912614 0.892523 0.880975 0.933457 0.890424 0.895503 0.882921 0.879055 0.905271 
0.688154 0.901934 0.882117 0.869140 0.880264 0.862939 0.893172 0.904688 0.868699 0.893358 
0.679663 0.878878 0.879930 0.863537 0.871351 0.865480 0.878055 0.872361 0.851897 0.957054 
0.683569 0.886646 0.870115 0.878936 0.867688 0.971304 0.873699 0.890398 0.855656 0.879034 
0.694066 0.900727 0.882002 0.868846 0.879797 0.863072 0.892380 0.902995 0.867819 0.892946 
0.702403 0.909204 0.899052 0.893720 0.931426 0.888997 0.895287 0.918997 0.878454 0.908730 
0.722921 0.987747 0.914707 0.902342 0.956635 0.912612 0.916751 0.906508 0.901146 0.927956 
0.723765 0.941838 0.918390 0.910796 0.982515 0.002872 0.922528 0.905645 0.906680 0.929120 
0.879016 0.992928 0.980534 0.982976 0.975305 0.995598 0.986345 0.983650 0.999867 0.980996 
0.885429 0.994704 0.980277 0.983591 0.996515 0.986876 0.973985 0.972762 0.990991 0.986812 
0.879027 0.990904 0.980525 0.982999 0.999371 0.999610 0.984937 0.979653 0.999752 0.979332 
0.879027 0.990904 0.980525 0.982999 0.999371 0.999610 0.984937 0.979653 0.999964 0.979332 
0.879060 0.993017 0.980557 0.982921 0.963554 0.997969 0.987051 0.981265 0.999964 0.984571 
0.877119 0.992099 0.980086 0.984031 0.997471 0.985092 0.977441 0.971945 0.996805 0.986430 
0.879096 0.992899 0.980559 0.982919 0.999762 0.997968 0.986441 0.980568 0.999742 0.978328 
0.879060 0.993017 0.980557 0.982921 0.963554 0.997969 0.987051 0.981265 0.999964 0.977676 
0.884561 0.996574 0.977578 0.983529 0.995057 0.999061 0.975240 0.973419 0.979088 0.986410 
0.878935 0.992765 0.980493 0.983075 0.996589 0.997969 0.985066 0.987968 0.999691 0.987011 
0.891781 0.993009 0.980395 0.983323 0.996495 0.998013 0.973996 0.972484 0.999631 0.987080 
0.953941 0.998931 0.996911 0.998824 0.996097 0.999840 0.998931 0.999077 0.997483 0.999308 
0.954364 0.999059 0.997005 0.998909 0.996095 0.999851 0.995161 0.999224 0.997470 0.995605 
0.954364 0.999059 0.997005 0.998909 0.996095 0.999851 0.995161 0.999224 0.997470 0.999378 
0.968034 0.999341 0.997800 0.999653 0.995817 0.999916 0.999984 0.999905 0.998714 0.998463 
0.980514 0.999806 0.999418 0.999478 0.994408 0.999961 0.998985 0.999712 0.999937 0.999668 
1.000000 1.000000 0.998924 0.006525 0.000000 1.000000 0.999521 0.999789 0.999951 0.999985 
