0.000000 0.340371 0.000302 0.359724 0.998351 0.996523 0.067359 0.959547 0.586718 0.999863 
0.000000 0.000798 0.002431 0.000185 0.999871 0.992573 0.342525 0.017215 0.999966 0.999991 
0.000000 0.582007 0.000087 0.615053 0.997423 0.998949 0.031677 0.993794 0.266220 0.999946 
0.000000 0.003748 0.001000 0.000032 0.999967 0.999909 0.873899 0.003325 0.999990 0.999999 
0.000000 0.000785 0.001200 0.000183 0.999867 0.991773 0.342787 0.016985 0.999967 0.981167 
0.000000 0.000798 0.022245 0.000185 0.999871 0.992573 0.342525 0.017215 0.999966 0.999991 
0.064283 0.110316 0.999980 0.086932 0.997421 0.098832 0.999961 0.998087 0.108103 0.998255 
0.067007 0.102410 0.999760 0.100302 0.999212 0.102957 0.999805 0.996870 0.104445 0.991206 
0.066963 0.104992 0.999814 0.097247 0.999588 0.102840 0.987740 0.998312 0.106496 0.996909 
0.066962 0.105115 0.999832 0.097171 0.999544 0.102838 0.999113 0.988247 0.106335 0.995245 
0.066967 0.105348 0.999843 0.097042 0.999529 0.102842 0.999779 0.988243 0.106448 0.998175 
0.066970 0.105482 0.999850 0.096968 0.999520 0.102844 0.999782 0.988240 0.106514 0.999990 
0.066963 0.105676 0.999834 0.097148 0.999541 0.102838 0.999234 0.988246 0.106355 0.995775 
0.066967 0.105349 0.999843 0.097042 0.999529 0.102842 0.999779 0.988243 0.106449 0.991557 
0.066962 0.105096 0.999831 0.097181 0.999545 0.102837 0.989032 0.988248 0.106326 0.995009 
0.066961 0.105581 0.999830 0.097187 0.999546 0.102837 0.992518 0.988248 0.106321 0.994874 
0.066690 0.104170 0.999777 0.097028 0.999446 0.102453 0.999951 0.989160 0.106266 0.977742 
0.211647 0.273770 0.364087 0.999974 0.329635 0.339525 0.339672 0.332974 0.321931 1.000000 
0.214819 0.278756 0.358229 0.999943 0.326413 0.343645 0.344395 0.339881 0.326144 1.000000 
0.223264 0.364250 0.342762 0.998497 0.321361 0.356043 0.356507 0.357181 0.336686 0.985086 
0.222739 0.291205 0.343602 0.999681 0.318369 0.353934 0.356190 0.357129 0.336661 0.999985 
0.222739 0.291205 0.341018 0.998443 0.318369 0.353934 0.356404 0.357129 0.336661 0.999985 
0.222739 0.291205 0.341018 0.988570 0.318369 0.353934 0.356404 0.357129 0.336661 0.999985 
0.231513 0.356899 0.363249 0.994758 0.376197 0.346421 0.361123 0.376350 0.337150 0.856599 
0.222739 0.291205 0.347076 0.999954 0.318369 0.353934 0.355796 0.357129 0.336661 0.999995 
0.222739 0.291205 0.342023 0.974355 0.318369 0.353934 0.356369 0.357129 0.336661 0.999985 
0.222739 0.291205 0.367341 0.999584 0.318369 0.353934 0.354971 0.357129 0.336661 0.999995 
0.222739 0.291205 0.367341 0.999584 0.318369 0.353934 0.355485 0.357129 0.336661 0.999985 
0.479996 0.690797 0.678612 0.003763 0.694150 0.696353 0.000609 0.672727 0.674963 0.679731 
0.480058 0.691214 0.678715 0.018226 0.694097 0.700418 0.000588 0.672628 0.675630 0.679311 
0.479238 0.685755 0.677365 0.015236 0.694793 0.709141 0.000865 0.673918 0.666888 0.684810 
0.476783 0.680873 0.684114 0.000910 0.647416 0.695272 0.000122 0.676208 0.656678 0.682122 
0.476701 0.680377 0.684386 0.000217 0.658263 0.698148 0.000182 0.676330 0.631427 0.682024 
0.478133 0.684985 0.681975 0.010485 0.012374 0.695757 0.000364 0.674753 0.662417 0.680857 
0.478110 0.684914 0.682012 0.010318 0.023408 0.695748 0.000155 0.674778 0.662317 0.680879 
0.476740 0.680479 0.684334 0.000306 0.002817 0.695466 0.000153 0.676290 0.652858 0.681976 
0.476739 0.680474 0.684337 0.001126 0.002795 0.695466 0.000153 0.676292 0.652848 0.681977 
0.476724 0.680427 0.684361 0.000424 0.002577 0.695463 0.000153 0.676308 0.652748 0.681988 
0.477491 0.674159 0.674541 0.008871 0.693662 0.709392 0.001452 0.676660 0.648310 0.675184 
0.491772 0.704800 0.676997 0.691338 0.045777 0.694526 0.722880 0.678798 0.687106 0.640251 
0.490700 0.712385 0.675615 0.654780 0.046226 0.702003 0.730662 0.677329 0.694503 0.646599 
0.490700 0.712385 0.675615 0.654780 0.046226 0.702003 0.730662 0.677329 0.692505 0.646599 
0.490700 0.715219 0.675615 0.005266 0.046226 0.702003 0.730662 0.677329 0.696542 0.646599 
0.608557 0.000154 0.805348 0.058855 0.088203 0.000100 0.000080 0.815235 0.000079 0.003993 
0.608691 0.000143 0.805705 0.067210 0.087602 0.000105 0.000093 0.815642 0.000081 0.001410 
0.590671 0.005437 0.804386 0.010715 0.004394 0.005207 0.005419 0.814213 0.005136 0.054978 
0.609302 0.000093 0.807325 0.105118 0.084873 0.000126 0.000151 0.817487 0.000092 0.040455 
0.603712 0.000021 0.805339 0.089938 0.088218 0.000162 0.000028 0.815225 0.000153 0.050603 
0.603737 0.000022 0.805348 0.090005 0.088203 0.000162 0.000155 0.815235 0.000153 0.050558 
0.616732 0.000012 0.809965 0.090754 0.080429 0.000077 0.005094 0.820493 0.000012 0.026970 
0.727213 0.000095 0.907608 0.002286 0.010665 0.906386 0.000123 0.001616 0.000110 0.023096 
0.727122 0.000095 0.907622 0.000482 0.003010 0.911583 0.000027 0.055052 0.005567 0.018710 
0.727120 0.000017 0.907623 0.000431 0.002657 0.911818 0.000027 0.054846 0.005561 0.018573 
0.727153 0.000095 0.907615 0.005551 0.018673 0.909211 0.000115 0.057605 0.011004 0.023108 
0.727212 0.000095 0.907608 0.002246 0.011360 0.906307 0.000112 0.061600 0.000844 0.007335 
0.727147 0.000095 0.907621 0.000715 0.021203 0.911936 0.000118 0.056241 0.005708 0.023119 
0.727211 0.000095 0.907608 0.002268 0.011060 0.906136 0.000112 0.061599 0.000730 0.023095 
0.727153 0.000095 0.907615 0.005551 0.018673 0.909211 0.000115 0.057605 0.039295 0.023108 
0.727189 0.031243 0.907617 0.005286 0.006840 0.910400 0.000020 0.058864 0.030953 0.010092 
0.727220 0.008671 0.907610 0.002500 0.012996 0.907235 0.000113 0.075010 0.023336 0.010138 
0.727271 0.000095 0.907625 0.003853 0.024238 0.913620 0.000120 0.061553 0.005920 0.023126 
0.803057 0.952411 0.952860 0.953801 0.952096 0.001048 0.954003 0.003655 0.013389 0.015689 
0.803057 0.952409 0.952859 0.953799 0.953136 0.001045 0.954001 0.003656 0.013890 0.015773 
0.803057 0.952409 0.952859 0.953799 0.953136 0.015027 0.954001 0.003656 0.014487 0.003325 
0.803039 0.952433 0.952864 0.953805 0.953139 0.001252 0.954006 0.001173 0.033912 0.001473 
0.803057 0.952409 0.952859 0.953799 0.953136 0.014998 0.954001 0.003656 0.014123 0.010928 
0.803058 0.952413 0.952863 0.953805 0.953136 0.000920 0.954004 0.001137 0.035401 0.005724 
0.803059 0.952415 0.952865 0.953808 0.953135 0.001655 0.954006 0.003653 0.029890 0.013361 
0.802667 0.952810 0.952883 0.953813 0.953194 0.007617 0.954036 0.001855 0.005340 0.017967 
0.804316 0.951114 0.952780 0.953755 0.952949 0.017487 0.953890 0.001147 0.041820 0.002409 
0.803060 0.952416 0.952865 0.953809 0.953135 0.003191 0.954007 0.003652 0.032309 0.013735 
0.805594 0.949799 0.952701 0.953709 0.952758 0.019986 0.953777 0.015385 0.069584 0.001478 
0.857564 0.975983 0.979695 0.977306 0.114003 0.979935 0.974181 0.020284 0.977643 0.009007 
0.893559 0.987928 0.987855 0.987595 0.987504 0.023924 0.989174 0.007541 0.000556 0.009699 
0.893745 0.988085 0.987923 0.988660 0.987529 0.009074 0.989806 0.002456 0.000992 0.008793 
0.893759 0.988096 0.987928 0.988594 0.987531 0.009160 0.989932 0.002484 0.002247 0.008786 
0.893363 0.987963 0.987788 0.990616 0.987501 0.019413 0.988247 0.000332 0.000420 0.009623 
0.893996 0.986617 0.988068 0.988527 0.986022 0.020098 0.993980 0.006426 0.000360 0.009062 
0.893129 0.987890 0.987707 0.993754 0.987468 0.004339 0.986421 0.000554 0.007111 0.012485 
0.893079 0.987884 0.987694 0.993902 0.987481 0.012473 0.986141 0.000848 0.008619 0.009499 
0.893108 0.987883 0.987700 0.993924 0.987466 0.012711 0.986308 0.000490 0.007315 0.008714 
0.895330 0.985775 0.988143 0.999420 0.985488 0.007267 0.986898 0.001090 0.003312 0.008117 
0.901360 0.998536 0.989559 0.997772 0.996581 0.002114 0.988930 0.000387 0.174815 0.009614 
0.930432 0.993213 0.995198 0.996517 0.021501 0.999424 0.992572 0.003409 0.993536 0.001984 
0.943626 0.996333 0.998005 0.999995 0.004752 0.999925 0.995902 0.000353 0.996414 0.000712 
0.947500 0.996899 0.998276 0.999996 0.004185 0.999976 0.996674 0.000303 0.996885 0.000700 
0.948849 0.996992 0.998439 0.999996 0.002612 0.999980 0.996574 0.000395 0.996931 0.000796 
0.948951 0.997023 0.998351 0.999996 0.001819 0.999955 0.996398 0.000292 0.996944 0.002345 
0.944686 0.996596 0.998002 0.999998 0.000309 0.999936 0.995759 0.000856 0.996615 0.000706 
0.949714 0.997101 0.998511 0.999996 0.002258 0.999989 0.996686 0.000402 0.997016 0.003093 
0.951458 0.997277 0.998687 0.999996 0.002986 0.999983 0.997015 0.000239 0.997156 0.003896 
0.957256 0.997803 0.999376 1.000000 0.004667 0.999952 0.998222 0.000111 0.998079 0.002384 
0.963401 0.998379 0.999516 0.999999 0.005498 1.000000 0.999476 0.000046 0.998696 0.003158 
0.969082 0.999753 0.999988 1.000000 0.000094 0.999976 0.998682 0.000005 0.999193 0.001397 
0.974641 0.999421 0.999816 1.000000 0.002415 1.000000 0.999802 0.000002 0.999537 0.001594 
0.979693 0.999565 0.999611 1.000000 0.001230 0.999987 0.998987 0.000144 0.999340 0.000019 
0.984614 0.999849 0.999606 0.999999 0.000986 0.999996 0.998445 0.000056 0.999896 0.000074 
0.990005 0.999869 0.999990 1.000000 0.000074 1.000000 0.999950 0.024607 0.999453 0.000227 
0.995098 0.999968 0.999989 0.999999 0.000024 1.000000 0.999982 0.000009 0.999843 0.001942 
1.000000 0.999783 1.000000 1.000000 1.000000 0.000843 0.017709 0.000397 0.998217 0.000000 
