0.000000 0.340371 0.000302 0.359724 0.998351 0.996523 0.067359 0.959547 0.586718 0.999863 
0.000000 0.000798 0.002431 0.000185 0.999871 0.992573 0.342525 0.017215 0.999966 0.999991 
0.000000 0.582007 0.000087 0.615053 0.997423 0.998949 0.031677 0.993794 0.266220 0.999946 
0.000000 0.003748 0.001000 0.000032 0.999967 0.999909 0.873899 0.003325 0.999990 0.999999 
0.000000 0.000785 0.001200 0.000183 0.999867 0.991773 0.342787 0.016985 0.999967 0.981167 
0.000000 0.000798 0.022245 0.000185 0.999871 0.992573 0.342525 0.017215 0.999966 0.999991 
0.062113 0.097578 0.097413 0.097760 0.097382 0.097245 0.098497 0.097321 0.097701 0.999977 
0.062113 0.097578 0.097439 0.097760 0.097383 0.097245 0.098497 0.097321 0.097701 0.999943 
0.062115 0.097578 0.097379 0.097758 0.097486 0.097245 0.098490 0.097322 0.097703 0.999957 
0.062113 0.097578 0.097491 0.097760 0.097393 0.097245 0.098496 0.097321 0.097701 0.999927 
0.062113 0.097578 0.097499 0.097760 0.097386 0.097245 0.098497 0.097321 0.097701 0.999836 
0.062113 0.097578 0.097533 0.097760 0.097388 0.097245 0.098497 0.097321 0.097701 0.999925 
0.062113 0.097578 0.097253 0.097761 0.097374 0.097245 0.098497 0.097321 0.097701 0.999977 
0.062117 0.097578 0.097264 0.097756 0.097327 0.097245 0.098484 0.097323 0.097705 0.999966 
0.062117 0.097578 0.097208 0.097760 0.097339 0.097245 0.098482 0.097318 0.097699 0.999793 
0.062117 0.097578 0.097263 0.097756 0.097574 0.097245 0.098484 0.097323 0.097705 0.999998 
0.062117 0.097578 0.097263 0.097756 0.097574 0.097245 0.098484 0.097323 0.097705 0.999983 
0.202255 0.313454 0.314724 0.315008 0.315720 0.311408 0.312941 0.315280 0.313869 0.314411 
0.212704 0.328498 0.327683 0.328385 0.329329 0.329106 0.328844 0.328508 0.327866 0.327522 
0.216345 0.332161 0.333305 0.333415 0.334375 0.332727 0.331915 0.333458 0.332686 0.333107 
0.215987 0.332144 0.332319 0.334014 0.334034 0.332927 0.332267 0.332887 0.332264 0.332208 
0.216345 0.332161 0.333305 0.333415 0.334375 0.332727 0.331915 0.333935 0.332686 0.333107 
0.216385 0.332226 0.333332 0.333580 0.334423 0.333982 0.331904 0.333967 0.332718 0.333158 
0.216451 0.332334 0.333377 0.333850 0.334500 0.332944 0.331886 0.334020 0.332769 0.333240 
0.216875 0.332897 0.333933 0.334412 0.335601 0.333587 0.333048 0.334579 0.333333 0.333802 
0.216730 0.334575 0.333729 0.334224 0.335393 0.333378 0.332272 0.334377 0.333129 0.333607 
0.215373 0.333286 0.332152 0.331589 0.332129 0.331151 0.329840 0.332753 0.331500 0.331834 
0.216765 0.334172 0.333778 0.334269 0.336576 0.333428 0.332458 0.334425 0.333178 0.333654 
0.467615 0.669811 0.670620 0.670146 0.668557 0.670821 0.669557 0.670354 0.670121 0.670601 
0.466544 0.668574 0.669461 0.670713 0.667188 0.669618 0.668259 0.669194 0.668928 0.669316 
0.466543 0.668573 0.669459 0.670663 0.667185 0.669616 0.668242 0.669193 0.668755 0.669315 
0.464801 0.666518 0.667535 0.668897 0.665129 0.667641 0.667906 0.667392 0.666822 0.667394 
0.466317 0.668322 0.669214 0.670472 0.666875 0.669378 0.667994 0.668956 0.669061 0.669071 
0.467095 0.669614 0.670619 0.668190 0.670336 0.669611 0.668435 0.669183 0.669332 0.671056 
0.474444 0.678219 0.678095 0.678109 0.677394 0.678222 0.677694 0.677593 0.678944 0.678672 
0.466582 0.668616 0.669502 0.671905 0.667239 0.669658 0.668669 0.669234 0.668907 0.669357 
0.474355 0.677903 0.678110 0.679592 0.678977 0.678421 0.678078 0.677914 0.678495 0.678338 
0.470825 0.673622 0.674191 0.675005 0.672240 0.674472 0.673200 0.673618 0.673507 0.674036 
0.478464 0.682350 0.682366 0.682743 0.682442 0.683016 0.682717 0.682105 0.682205 0.683628 
0.488414 0.694113 0.693346 0.694642 0.694263 0.693672 0.695004 0.693222 0.694813 0.694185 
0.488497 0.694086 0.693096 0.694735 0.694393 0.695163 0.695004 0.693429 0.694774 0.694188 
0.488514 0.693922 0.694242 0.691684 0.693941 0.693522 0.694973 0.693833 0.694461 0.694216 
0.488552 0.694202 0.692049 0.693261 0.693868 0.692872 0.694718 0.694238 0.694398 0.694185 
0.488514 0.693922 0.694909 0.691684 0.693941 0.693522 0.694973 0.693833 0.694461 0.694216 
0.489038 0.694223 0.693397 0.695104 0.694981 0.693146 0.695036 0.693284 0.695116 0.694162 
0.488962 0.693932 0.691706 0.695257 0.695120 0.693563 0.695004 0.694582 0.694554 0.694208 
0.489234 0.694223 0.693397 0.695104 0.694981 0.693146 0.695036 0.693284 0.695116 0.694162 
0.488977 0.693920 0.695904 0.695266 0.692176 0.693555 0.695002 0.694637 0.694534 0.694209 
0.488968 0.693927 0.691718 0.695260 0.694006 0.693560 0.695003 0.694603 0.694546 0.694208 
0.488136 0.693957 0.690926 0.694977 0.693893 0.693390 0.694909 0.693270 0.694341 0.694218 
0.648678 0.850266 0.855158 0.850194 0.852395 0.850857 0.850043 0.851396 0.852139 0.851041 
0.723819 0.907348 0.907444 0.907380 0.907470 0.906809 0.000007 0.907488 0.907305 0.907899 
0.723821 0.907348 0.907445 0.907380 0.907471 0.906630 0.000029 0.907323 0.907302 0.907895 
0.723821 0.907348 0.907446 0.907379 0.907471 0.906811 0.000008 0.907132 0.907300 0.907893 
0.723819 0.907349 0.907443 0.907381 0.907469 0.906808 0.000263 0.907599 0.907307 0.907900 
0.723819 0.907349 0.907443 0.907381 0.907469 0.906808 0.000050 0.907706 0.907307 0.907900 
0.723818 0.907349 0.907442 0.907382 0.907468 0.906807 0.000145 0.907748 0.907309 0.907902 
0.723810 0.907343 0.907441 0.907376 0.907467 0.906806 0.000011 0.906791 0.907298 0.907884 
0.723819 0.907348 0.907444 0.907381 0.907469 0.906809 0.000000 0.906800 0.907305 0.907899 
0.723822 0.907347 0.907447 0.907377 0.907473 0.906812 0.000002 0.906798 0.907295 0.907888 
0.723835 0.907352 0.907454 0.907379 0.907479 0.906819 0.000087 0.906804 0.907291 0.907892 
0.732692 0.911815 0.911977 0.911552 0.912324 0.911357 0.026355 0.911294 0.911582 0.912292 
0.747714 0.002976 0.923058 0.922327 0.922289 0.918928 0.000721 0.922549 0.923011 0.919966 
0.757271 0.001506 0.930106 0.929181 0.928628 0.932548 0.001909 0.929709 0.930282 0.924848 
0.757669 0.001445 0.930400 0.929467 0.928892 0.923945 0.001959 0.930007 0.930585 0.925051 
0.804727 0.953333 0.953264 0.953268 0.953337 0.000000 0.953480 0.953176 0.000000 0.000001 
0.804728 0.953333 0.953265 0.953268 0.953337 0.000000 0.953481 0.953177 0.000000 0.000001 
0.804728 0.953333 0.953265 0.953268 0.953337 0.000000 0.953481 0.953177 0.000000 0.000001 
0.804728 0.953333 0.953265 0.953268 0.953337 0.000000 0.953481 0.953177 0.000000 0.000001 
0.806156 0.953875 0.953999 0.954051 0.953989 0.000000 0.953998 0.953650 0.000000 0.000072 
0.814295 0.956965 0.958230 0.958585 0.957714 0.000000 0.957113 0.956331 0.000000 0.000100 
0.822016 0.961983 0.962237 0.962875 0.961245 0.000000 0.960044 0.958876 0.000000 0.000178 
0.858900 0.975987 0.976494 0.971864 0.974737 0.976029 0.975832 0.975308 0.973571 0.976048 
0.866985 0.978452 0.978987 0.979482 0.983422 0.978562 0.978227 0.977890 0.976352 0.978546 
0.867458 0.978572 0.979103 0.979598 0.983459 0.978703 0.978478 0.978038 0.976519 0.978679 
0.858900 0.975987 0.976494 0.971864 0.981447 0.976029 0.975832 0.975308 0.973571 0.976048 
0.867609 0.978694 0.979197 0.979684 0.983599 0.978780 0.978449 0.978116 0.976600 0.978761 
0.867579 0.978670 0.979179 0.979667 0.983571 0.978765 0.978454 0.978101 0.976394 0.978745 
0.875661 0.980927 0.981192 0.981556 0.984329 0.981166 0.980828 0.980620 0.979438 0.981027 
0.885539 0.984013 0.984573 0.983348 0.981167 0.984357 0.984025 0.983802 0.983149 0.984221 
0.888380 0.984662 0.985198 0.984045 0.981999 0.984962 0.984673 0.984459 0.983912 0.984896 
0.895829 0.985344 0.985565 0.985415 0.986576 0.986440 0.987346 0.988168 0.986809 0.986053 
0.903124 0.987628 0.987807 0.988351 0.986227 0.989314 0.988539 0.989228 0.989137 0.988725 
0.909628 0.988954 0.994876 0.988456 0.991072 0.989539 0.988791 0.989934 0.991211 0.989694 
0.919825 0.992011 0.992402 0.991095 0.993373 0.991729 0.992636 0.992083 0.993351 0.991837 
0.922317 0.992677 0.993310 0.991598 0.993803 0.992195 0.992595 0.992427 0.993490 0.993853 
0.928989 0.994574 0.993596 0.993146 0.995141 0.993541 0.993876 0.993599 0.994407 0.991049 
0.933881 0.995942 0.994234 0.994242 0.996085 0.994509 0.994538 0.994409 0.994970 0.994342 
0.939546 0.995188 0.994208 0.995219 0.997226 0.995520 0.995848 0.995385 0.994726 0.995437 
0.945788 0.996381 0.995337 0.995908 0.995109 0.996397 0.997172 0.995912 0.999727 0.996480 
0.952494 0.997160 0.996741 0.997847 0.997317 0.998253 0.996884 0.997025 0.998102 0.997299 
0.957412 0.997482 0.997403 0.998800 0.997643 0.999243 0.997504 0.997716 0.999072 0.998080 
0.962744 0.998267 0.998291 0.998643 0.999420 0.997636 0.998269 0.998223 0.999906 0.999040 
0.968301 0.998518 0.999131 0.997825 0.998783 0.999746 0.998164 0.998419 0.999959 0.999158 
0.973884 0.999743 0.999979 0.999319 0.999221 0.999213 0.999731 0.999507 0.999391 0.999828 
0.979170 0.999167 0.999877 0.999977 0.999469 0.999973 0.999545 0.999770 0.999987 0.999628 
0.984563 0.999883 0.999627 0.999937 0.999773 0.999950 0.999741 0.999845 0.999861 0.999897 
0.989762 0.999995 0.999882 0.999968 0.999982 0.999891 0.999857 0.999977 1.000000 0.999986 
0.994916 0.999964 0.999982 0.999982 0.999837 0.999820 0.999994 0.999992 0.999999 0.999991 
1.000000 0.999992 1.000000 1.000000 1.000000 0.000127 0.001901 0.000138 0.999998 0.000000 
