0.000000 0.340371 0.000302 0.359724 0.998351 0.996523 0.067359 0.959547 0.586718 0.999863 
0.000000 0.000798 0.002431 0.000185 0.999871 0.992573 0.342525 0.017215 0.999966 0.999991 
0.000000 0.582007 0.000087 0.615053 0.997423 0.998949 0.031677 0.993794 0.266220 0.999946 
0.000000 0.003748 0.001000 0.000032 0.999967 0.999909 0.873899 0.003325 0.999990 0.999999 
0.000000 0.000785 0.001200 0.000183 0.999867 0.991773 0.342787 0.016985 0.999967 0.981167 
0.000000 0.000798 0.022245 0.000185 0.999871 0.992573 0.342525 0.017215 0.999966 0.999991 
0.062687 0.102865 0.999612 0.095468 0.999927 0.097711 0.999990 0.999467 0.104982 0.997515 
0.064465 0.102804 0.997952 0.097245 0.999700 0.099868 0.999955 0.999825 0.104847 0.994930 
0.062684 0.102865 0.996742 0.095465 0.999927 0.097707 0.999990 0.999467 0.104982 0.997519 
0.064465 0.102804 0.997952 0.097245 0.999700 0.099868 0.999955 0.998994 0.104847 0.994930 
0.066319 0.102740 0.999212 0.099097 0.999367 0.102116 0.999844 0.997475 0.104706 0.992236 
0.066967 0.105349 0.087897 0.097042 0.999529 0.102842 0.999904 0.988055 0.106449 0.991557 
0.066869 0.102604 0.999660 0.099920 0.999655 0.102786 0.999812 0.996611 0.104585 0.995399 
0.063899 0.101019 0.083642 0.092750 0.913013 0.098568 0.999980 0.990188 0.102255 0.994094 
0.067001 0.102854 0.999993 0.099809 0.999929 0.102940 0.999800 0.995568 0.104748 0.999709 
0.067001 0.102891 0.999978 0.099768 0.999263 0.102938 0.999801 0.995457 0.104773 0.999589 
0.067005 0.102571 0.999771 0.100123 0.999229 0.102951 0.999804 0.996397 0.104555 0.996182 
0.209035 0.326447 0.311781 0.999860 0.335307 0.328793 0.334196 0.342449 0.318100 0.999534 
0.208841 0.326472 0.311369 0.999870 0.335516 0.328428 0.334073 0.342475 0.317843 0.996366 
0.223021 0.328839 0.342227 0.999634 0.334210 0.346050 0.344258 0.357157 0.336675 0.998349 
0.223036 0.330513 0.342003 0.999556 0.320059 0.343779 0.344474 0.357158 0.336675 0.999569 
0.222778 0.344520 0.341148 0.990175 0.318591 0.354090 0.356412 0.341932 0.336663 0.999809 
0.223053 0.324682 0.341593 0.999196 0.320176 0.355194 0.343104 0.340609 0.336676 0.998980 
0.223011 0.328965 0.341920 0.999777 0.319916 0.355024 0.345482 0.357156 0.336674 0.992283 
0.223010 0.328948 0.341919 0.999914 0.319914 0.355148 0.345493 0.357156 0.336674 0.992202 
0.223057 0.324459 0.342075 0.999209 0.320182 0.355211 0.342882 0.357160 0.336676 0.999253 
0.222963 0.322365 0.343092 0.999937 0.319646 0.354833 0.343420 0.357151 0.336672 0.993629 
0.203614 0.324760 0.300436 0.999011 0.341024 0.318539 0.329725 0.337093 0.310943 0.999883 
0.480058 0.691213 0.678714 0.018171 0.693427 0.694016 0.000588 0.690598 0.675628 0.674196 
0.480003 0.690847 0.678624 0.005481 0.694144 0.696836 0.000606 0.672715 0.675042 0.681447 
0.479111 0.688228 0.677977 0.000079 0.666866 0.697675 0.001112 0.673334 0.692526 0.683312 
0.479996 0.690797 0.678612 0.003763 0.694150 0.696353 0.000609 0.672727 0.674963 0.679731 
0.480031 0.691035 0.678670 0.002600 0.694120 0.698670 0.000597 0.672671 0.675343 0.687966 
0.480058 0.691212 0.678714 0.018160 0.693295 0.698183 0.000588 0.694128 0.675627 0.679772 
0.480046 0.691134 0.678695 0.015444 0.660340 0.686075 0.000592 0.672647 0.675502 0.683700 
0.480058 0.691212 0.678714 0.018158 0.693277 0.698751 0.000588 0.694610 0.675627 0.679418 
0.480058 0.691214 0.678715 0.018226 0.694097 0.672806 0.000588 0.672628 0.675630 0.679311 
0.480003 0.690845 0.678623 0.005419 0.694144 0.696818 0.000607 0.672715 0.675039 0.691719 
0.479723 0.690005 0.678416 0.002627 0.662333 0.696760 0.000764 0.672914 0.680378 0.680835 
0.491772 0.704800 0.688437 0.691338 0.004756 0.694526 0.697890 0.703202 0.687106 0.640251 
0.491772 0.704800 0.676997 0.691338 0.012535 0.694526 0.708965 0.698574 0.687106 0.640251 
0.490625 0.711715 0.044643 0.697462 0.734559 0.701341 0.695994 0.677455 0.693848 0.646520 
0.491772 0.704800 0.676997 0.691338 0.022310 0.694526 0.722880 0.692759 0.687106 0.640251 
0.491772 0.704800 0.676997 0.691338 0.031558 0.694526 0.717078 0.687256 0.687106 0.640251 
0.491772 0.704800 0.676997 0.691338 0.045777 0.694526 0.722880 0.692759 0.687106 0.640251 
0.616280 0.000011 0.811666 0.836671 0.097760 0.000004 0.000007 0.821671 0.000025 0.003625 
0.616280 0.000103 0.811666 0.836671 0.097760 0.000004 0.000007 0.821671 0.000025 0.003625 
0.607259 0.000061 0.801909 0.826141 0.093994 0.000043 0.000017 0.811319 0.000056 0.028868 
0.607259 0.000261 0.801909 0.826141 0.093994 0.000043 0.000017 0.811319 0.000056 0.028868 
0.609238 0.000145 0.806303 0.000671 0.086594 0.000023 0.000350 0.816323 0.000081 0.000256 
0.727151 0.000044 0.907618 0.001070 0.005574 0.909837 0.000038 0.057196 0.003877 0.895230 
0.727177 0.000065 0.908875 0.001584 0.012036 0.908447 0.000092 0.006876 0.002184 0.002857 
0.727228 0.000041 0.907606 0.894434 0.011709 0.905456 0.000001 0.000023 0.000009 0.023800 
0.727212 0.000090 0.907600 0.000425 0.000086 0.906461 0.000003 0.002422 0.000073 0.007063 
0.727212 0.000090 0.907609 0.002209 0.000166 0.906475 0.000003 0.002452 0.000088 0.007034 
0.727214 0.000087 0.907610 0.002403 0.000004 0.906341 0.000001 0.001651 0.000096 0.006235 
0.727179 0.000066 0.907614 0.001605 0.011765 0.908381 0.000089 0.021163 0.000081 0.002996 
0.727179 0.000066 0.907614 0.001605 0.011765 0.908381 0.000089 0.021163 0.002115 0.002996 
0.727189 0.000121 0.907594 0.000286 0.007095 0.907799 0.000040 0.010384 0.000001 0.014954 
0.727212 0.000090 0.907609 0.002209 0.003865 0.906475 0.000003 0.002452 0.000088 0.007034 
0.727189 0.000120 0.907612 0.001243 0.007166 0.907808 0.000040 0.010333 0.000033 0.014780 
0.804134 0.952793 0.952883 0.953813 0.953880 0.002234 0.954035 0.001004 0.011784 0.000007 
0.804584 0.952953 0.952892 0.953819 0.954511 0.001196 0.954048 0.000378 0.010994 0.000003 
0.803408 0.952501 0.952865 0.953803 0.952632 0.003322 0.954010 0.003211 0.004040 0.011744 
0.804274 0.952843 0.952886 0.953815 0.954036 0.002175 0.954039 0.000660 0.011523 0.004145 
0.805257 0.952985 0.952895 0.953821 0.952403 0.003649 0.954052 0.000868 0.013424 0.004924 
0.803057 0.952410 0.952860 0.953801 0.952369 0.004719 0.954002 0.000658 0.013677 0.005117 
0.803057 0.952410 0.952860 0.953800 0.952505 0.003816 0.954002 0.001988 0.013731 0.011595 
0.802836 0.952635 0.952872 0.953806 0.953341 0.000020 0.954020 0.000355 0.008742 0.003004 
0.805975 0.953116 0.952904 0.953826 0.952186 0.004662 0.954064 0.000811 0.014321 0.020644 
0.816151 0.952565 0.952868 0.953804 0.953038 0.001485 0.954015 0.000002 0.010281 0.005947 
0.820430 0.956561 0.955537 0.954809 0.949607 0.014983 0.954365 0.000922 0.015946 0.061704 
0.871434 0.978750 0.979084 0.981993 0.978786 0.000294 0.980087 0.000729 0.003575 0.000370 
0.857564 0.975983 0.979695 0.977306 0.114003 0.979935 0.974181 0.020284 0.977643 0.009007 
0.893734 0.988026 0.987913 0.989189 0.987486 0.012403 0.985223 0.000211 0.001285 0.000057 
0.877439 0.981366 0.981477 0.983506 0.981233 0.002964 0.982782 0.111809 0.003032 0.000274 
0.893466 0.987870 0.987824 0.986830 0.987509 0.031560 0.988958 0.011088 0.000127 0.002431 
0.893513 0.988368 0.987885 0.987556 0.987786 0.010110 0.989996 0.000652 0.001578 0.000016 
0.894151 0.987435 0.987973 0.991844 0.986962 0.000176 0.988839 0.000859 0.000435 0.000467 
0.893754 0.988036 0.987919 0.989154 0.987484 0.000961 0.989666 0.002357 0.003176 0.000450 
0.893747 0.988071 0.987922 0.988800 0.987517 0.001860 0.989766 0.002428 0.001612 0.004340 
0.894658 0.987090 0.989624 0.991867 0.017243 0.999790 0.985037 0.007808 0.987477 0.001196 
0.901572 0.998829 0.989604 0.998014 0.996834 0.001917 0.988912 0.000378 0.179653 0.002490 
0.935348 0.994320 0.996184 0.997685 0.992434 0.999897 0.993752 0.002284 0.994549 0.000304 
0.930914 0.993624 0.995614 0.997232 0.999817 0.999879 0.991030 0.002706 0.993857 0.000005 
0.930398 0.993206 0.995192 0.996510 0.000219 0.999876 0.992565 0.003414 0.993530 0.000154 
0.938421 0.994939 0.996639 0.998146 0.001845 0.999926 0.994492 0.001955 0.995104 0.000396 
0.937544 0.994749 0.996481 0.997967 0.001988 0.999999 0.994282 0.002114 0.994932 0.000366 
0.946058 0.996588 0.998016 0.999858 0.001307 0.999968 0.996327 0.000565 0.996602 0.000652 
0.947890 0.996935 0.998321 0.999996 0.000153 0.999978 0.996688 0.000179 0.996909 0.000633 
0.951524 0.997270 0.998738 0.999996 0.001178 1.000000 0.996822 0.000517 0.997135 0.000011 
0.957981 0.997874 0.999093 0.999998 0.000975 0.999992 0.998518 0.000134 0.998079 0.002328 
0.963274 0.998367 0.999506 0.999999 0.005465 1.000000 0.999449 0.000048 0.998681 0.003151 
0.969082 0.999753 0.999988 1.000000 0.000094 0.999976 0.998682 0.000005 0.999193 0.001397 
0.974667 0.999422 0.999815 1.000000 0.001165 1.000000 0.999799 0.000003 0.999538 0.001590 
0.979425 0.999557 0.999601 1.000000 0.001260 0.999986 0.998962 0.000010 0.999337 0.000014 
0.984614 0.999849 0.999606 0.999999 0.000986 0.999996 0.998445 0.000056 0.999896 0.000074 
0.989852 0.999875 0.999837 1.000000 0.000675 1.000000 0.999883 0.000003 0.999784 0.001263 
0.995098 0.999968 0.999989 0.999999 0.000024 1.000000 0.999982 0.000009 0.999994 0.001942 
1.000000 0.999783 1.000000 1.000000 1.000000 0.000843 0.017709 0.000397 0.998217 0.000000 
