0.548761 0.515996 1.042078 
0.232524 0.664671 0.969644 
0.256955 0.655166 0.979461 
0.259342 0.659694 0.986650 
0.571154 0.524108 1.072224 
0.190680 0.752745 1.087739 
0.205756 0.738865 1.069514 
0.237291 0.677027 0.988458 
0.288314 0.660122 1.007742 
0.261421 0.666742 0.996804 
0.326078 0.663498 1.035837 
0.290956 0.669245 1.023792 
0.240343 0.678069 0.996751 
0.240550 0.687080 1.002470 
0.448820 0.733690 0.817282 
0.449696 0.734953 0.818769 
0.450015 0.737997 0.820967 
0.449246 0.757398 0.841780 
0.452761 0.740185 0.824716 
0.452538 0.742581 0.827530 
0.458759 0.750660 0.835359 
0.459685 0.751504 0.837327 
0.460042 0.752089 0.837979 
0.752417 0.658687 0.000000 
0.782959 0.622073 0.000000 
0.795908 0.605418 0.000000 
0.752417 0.658687 0.000000 
0.755340 0.655339 0.000001 
0.759589 0.650435 0.000005 
0.752417 0.658687 0.000000 
0.876458 0.481479 0.000000 
0.779920 0.625879 0.000000 
0.857163 0.515046 0.000000 
0.833213 0.188690 0.844247 
0.839977 0.191787 0.848612 
0.843208 0.191855 0.851782 
0.899944 0.159984 0.922248 
0.846261 0.182849 0.852799 
0.855269 0.227296 0.850171 
0.853147 0.180298 0.867061 
0.861136 0.188848 0.868916 
0.863912 0.189457 0.871718 
0.866092 0.191319 0.892928 
0.870305 0.183923 0.884498 
0.892088 0.259652 0.875851 
0.873336 0.188644 0.889754 
0.879685 0.252424 0.899188 
0.883166 0.200002 0.894862 
0.892028 0.259637 0.875925 
0.885345 0.195029 0.893718 
0.884606 0.257960 0.904947 
0.895634 0.260698 0.880180 
0.954130 0.641665 0.624181 
0.802388 0.538601 0.689524 
0.817666 0.547888 0.698914 
0.822170 0.550366 0.700712 
0.827625 0.555376 0.710525 
0.828002 0.554751 0.707506 
0.806326 0.535949 1.016419 
0.801854 0.531974 1.089198 
0.817715 0.543960 1.001130 
0.844207 0.565478 0.708637 
0.811371 0.538288 1.102126 
0.591476 0.000000 0.806346 
0.688405 0.000000 0.725798 
0.602774 0.000000 0.798046 
0.643043 0.000000 0.766793 
0.602673 0.000000 0.798122 
0.626190 0.000000 0.780495 
0.595244 0.000000 0.803614 
0.806827 0.000000 0.592568 
0.705626 0.000000 0.710555 
0.902451 0.000000 0.432305 
0.824963 0.000000 0.565290 
0.727435 0.000000 0.686221 
0.901998 0.000000 0.433313 
0.866593 0.000000 0.499110 
0.892952 0.000000 0.451770 
1.073565 0.158939 0.616742 
1.075308 0.159197 0.613900 
1.082774 0.160303 0.618162 
1.088938 0.161215 0.620392 
0.145480 0.000000 0.989363 
0.197689 0.000000 0.980280 
0.207994 0.000000 0.978210 
0.207331 0.000000 0.978282 
0.207625 0.000000 0.978282 
0.207583 0.000000 0.978288 
0.130890 0.000000 0.991536 
0.207239 0.000000 0.978294 
0.207441 0.000000 0.978312 
0.599318 0.800511 0.000000 
0.606477 0.795101 0.000000 
0.446757 0.894656 0.000000 
0.546168 0.837676 0.000000 
0.367573 0.929995 0.000000 
0.550754 0.834685 0.000006 
0.662492 0.749069 0.000000 
0.699817 0.714322 0.000000 
0.666758 0.745274 0.000000 
0.746389 0.665510 0.000000 
0.243935 0.969792 0.000000 
0.243935 0.969792 0.000000 
0.243935 0.969792 0.000000 
0.182383 0.983228 0.000000 
0.243935 0.969792 0.000000 
0.219790 0.975547 0.000000 
0.243935 0.969792 0.000000 
0.243935 0.969792 0.000000 
0.243935 0.969792 0.000000 
0.115799 0.993276 0.000000 
0.243935 0.969792 0.000000 
0.243935 0.969792 0.000000 
0.243935 0.969792 0.000000 
0.243935 0.969792 0.000000 
0.196926 0.980418 0.000000 
0.243935 0.969792 0.000000 
0.243935 0.969792 0.000000 
0.059198 0.748250 1.089001 
0.041725 0.609332 1.238624 
0.042181 0.702686 1.153900 
0.042328 0.617938 1.254136 
0.005977 0.589704 1.391934 
0.001173 0.810383 1.104890 
0.050916 0.732960 1.160341 
0.058636 0.746822 1.106177 
0.042508 0.712006 1.175674 
0.000265 0.827361 1.109980 
0.042708 0.621293 1.246404 
0.088401 0.000000 0.996088 
0.088400 0.000000 0.996088 
0.038855 0.000000 0.999246 
0.088398 0.000000 0.996088 
0.077270 0.000000 0.997017 
0.088398 0.000000 0.996088 
0.948719 0.448195 0.238347 
0.949575 0.448401 0.238501 
0.949953 0.449094 0.239042 
0.907655 0.761612 0.482218 
0.952870 0.450140 0.239371 
0.963642 0.455490 0.242356 
0.967397 0.456760 0.243128 
0.967788 0.456805 0.242470 
0.969265 0.457773 0.243369 
0.969550 0.457588 0.243520 
0.971714 0.459004 0.244457 
0.974462 0.460017 0.244415 
0.975986 0.460655 0.245231 
0.978634 0.462630 0.246330 
0.979147 0.458037 0.244927 
0.980976 0.463186 0.243808 
0.981307 0.463148 0.246104 
0.913268 0.804748 0.517308 
0.982082 0.464313 0.247034 
0.188670 1.051612 0.692850 
0.191454 1.067133 0.703076 
0.181223 1.074727 0.706790 
0.193866 1.080577 0.711933 
0.077398 1.228369 0.769194 
0.891035 0.453935 0.000000 
0.983729 0.179658 0.000000 
0.952958 0.303103 0.000000 
0.941655 0.336580 0.000000 
0.946620 0.322351 0.000000 
0.946674 0.322194 0.000000 
0.984129 0.177452 0.000000 
0.991330 0.131394 0.000000 
0.965975 0.258637 0.000000 
0.033531 0.948396 0.875611 
0.033592 0.949969 0.877087 
0.067445 0.951899 0.963742 
0.002765 1.041984 0.935457 
0.042927 0.956166 0.883534 
0.008798 1.055146 0.951386 
0.034452 0.967167 0.894031 
0.033719 0.973059 0.895492 
0.018942 0.987350 0.901950 
0.601512 0.832879 0.623693 
0.580626 0.858205 0.627089 
0.599832 0.829825 0.627142 
0.585226 0.877594 0.632360 
0.592728 0.819613 0.636355 
0.595370 0.823266 0.639191 
0.605983 0.831290 0.633267 
0.595718 0.884510 0.643385 
0.598823 0.831394 0.641588 
0.577767 1.017709 0.645357 
0.640131 0.893537 0.641709 
0.602700 0.894877 0.652562 
0.810940 0.678462 1.104692 
0.628407 0.756241 0.912076 
0.736073 0.694042 1.027054 
0.689481 0.746665 0.942069 
0.549459 0.768292 0.871692 
0.748974 0.686369 1.037938 
0.570036 0.797064 0.904337 
0.579447 0.810223 0.919267 
0.634561 0.759747 0.943353 
0.472124 0.000000 0.881790 
0.471931 0.000000 0.881794 
0.390551 0.000000 0.920592 
0.424591 0.000000 0.905447 
0.472096 0.000000 0.881807 
0.308867 0.000000 0.951703 
0.472074 0.000000 0.881853 
0.384280 0.000000 0.923380 
0.288159 0.000000 0.957951 
0.472052 0.000000 0.881876 
0.266528 0.000000 0.964170 
0.471947 0.000000 0.881880 
0.471903 0.000000 0.881901 
0.418138 0.000000 0.908393 
0.471902 0.000000 0.881906 
0.471883 0.000000 0.881911 
1.154120 0.276614 0.343351 
1.126096 0.281169 0.328980 
1.131449 0.282506 0.331395 
1.133249 0.282955 0.338369 
1.134061 0.283158 0.336203 
1.135049 0.283408 0.336488 
1.135591 0.283540 0.329838 
1.136223 0.283702 0.336832 
1.136612 0.283648 0.332167 
1.149401 0.286916 0.328306 
1.138064 0.284157 0.338711 
1.139361 0.277650 0.336851 
1.140300 0.284573 0.338132 
1.576337 0.159551 0.673825 
0.990274 0.000000 0.139231 
0.949901 0.000000 0.312581 
0.995231 0.097547 0.000000 
0.992352 0.000000 0.124297 
0.990280 0.000000 0.139193 
0.967472 0.000000 0.253010 
0.324111 0.931460 0.893749 
0.371111 0.948960 0.851786 
0.371498 0.959689 0.866654 
0.330069 0.934092 0.886033 
0.360208 0.967031 0.880047 
0.235769 0.933603 1.003167 
0.236368 0.935976 1.005717 
0.330405 0.949178 0.910752 
0.727958 0.738741 0.735494 
0.836350 0.783471 0.547578 
0.801025 0.726941 0.578520 
0.747072 0.628462 0.678352 
0.748107 0.630985 0.674251 
0.759181 0.640326 0.684232 
0.819322 0.760322 0.548408 
0.782907 0.684066 0.636624 
0.822032 0.763190 0.549705 
0.750994 0.708396 0.719440 
0.756624 0.753774 0.193812 
0.859232 0.696596 0.182250 
0.772611 0.728514 0.178486 
0.781329 0.714347 0.171513 
0.869623 0.679365 0.181202 
0.786705 0.717951 0.178245 
0.758488 0.756009 0.194382 
0.758976 0.762671 0.196874 
0.776222 0.730681 0.181005 
0.800887 0.703904 0.185358 
0.831650 0.707271 0.186123 
0.759001 0.756142 0.194422 
0.695445 0.820266 0.240263 
0.630159 0.885235 0.220445 
0.608119 0.902136 0.214111 
0.483046 0.977527 0.183946 
0.529111 0.941196 0.192472 
0.467311 0.994341 0.181482 
0.634693 0.904370 0.213214 
0.589017 0.938482 0.214117 
0.672154 0.828355 0.232482 
0.556766 0.942598 0.199370 
0.417372 1.043618 0.181144 
0.662428 0.870236 0.232353 
0.473324 1.002668 0.178594 
0.686530 0.820300 0.237201 
0.719175 0.824136 0.244330 
0.450342 1.056839 0.190229 
0.613628 0.920931 0.210397 
0.689638 0.828771 0.238194 
0.678861 0.829552 0.235340 
0.637341 0.908899 0.233348 
0.001820 0.999998 0.000000 
0.001820 0.999998 0.000000 
0.000719 1.000000 0.000000 
0.001820 0.999998 0.000000 
0.001820 0.999998 0.000000 
0.001820 0.999998 0.000000 
0.001820 0.999998 0.000000 
0.001820 0.999998 0.000000 
0.921518 0.599738 0.243608 
1.019296 0.521237 0.090034 
0.925366 0.602243 0.244626 
0.931152 0.606008 0.246155 
0.439090 0.879609 0.690856 
0.442551 0.886543 0.696362 
0.444066 0.889577 0.698745 
0.444979 0.891407 0.700183 
