0.232451 0.520799 0.929000 
0.210296 0.593851 0.867788 
0.289886 0.543693 0.888165 
0.300041 0.574199 0.903232 
0.537252 0.490147 0.980056 
0.161090 0.699848 0.979462 
0.162656 0.663770 0.936206 
0.210292 0.602017 0.878070 
0.299291 0.556394 0.911711 
0.243294 0.587099 0.886467 
0.294961 0.567732 0.919228 
0.362014 0.524826 0.940284 
0.213023 0.601576 0.879071 
0.363073 0.721549 0.882200 
0.429763 0.661331 0.748667 
0.370147 0.682159 0.740036 
0.432171 0.664887 0.752738 
0.359063 0.687441 0.740179 
0.395641 0.668903 0.740298 
0.372163 0.681670 0.740725 
0.407431 0.669570 0.745285 
0.407304 0.669959 0.745517 
0.430330 0.669808 0.757417 
0.752417 0.658687 0.000000 
0.782945 0.622091 0.000000 
0.795908 0.605418 0.000000 
0.752417 0.658687 0.000000 
0.755346 0.655326 0.000000 
0.759572 0.650423 0.000000 
0.752417 0.658687 0.000000 
0.876407 0.481571 0.000000 
0.779922 0.625877 0.000000 
0.857157 0.515055 0.000000 
0.727563 0.191258 0.813536 
0.858856 0.262720 0.684713 
0.762264 0.193384 0.747575 
0.783530 0.148789 0.769973 
0.729046 0.192201 0.828137 
0.730595 0.183673 0.755803 
0.770284 0.156096 0.752638 
0.732767 0.190021 0.771443 
0.729128 0.193175 0.844908 
0.733679 0.187228 0.761506 
0.729307 0.192269 0.828433 
0.755990 0.233414 0.720787 
0.738872 0.181031 0.760240 
0.732380 0.193036 0.830303 
0.732467 0.191988 0.806157 
0.809715 0.208399 0.708779 
0.743034 0.182076 0.764567 
0.734649 0.191630 0.764148 
0.794348 0.204636 0.714913 
0.902108 0.600600 0.580963 
0.705731 0.470906 0.683141 
0.733528 0.491063 0.672898 
0.673156 0.447120 0.757128 
0.688722 0.458734 0.753303 
0.764212 0.511126 0.647577 
0.647739 0.430021 0.815157 
0.647051 0.429150 0.890297 
0.649264 0.431193 0.809400 
0.765601 0.512079 0.647061 
0.654197 0.434031 0.884310 
0.592711 0.000000 0.805416 
0.691833 0.000000 0.722057 
0.603292 0.000000 0.797521 
0.642297 0.000000 0.766456 
0.603277 0.000000 0.797531 
0.625990 0.000000 0.779837 
0.595276 0.000000 0.803521 
0.805639 0.000000 0.592407 
0.704629 0.000000 0.709580 
0.901745 0.000000 0.432269 
0.824481 0.000000 0.565890 
0.727326 0.000000 0.686292 
0.900011 0.000000 0.435878 
0.865330 0.000000 0.501215 
0.890917 0.000000 0.454166 
0.913738 0.181964 0.572214 
0.913816 0.181979 0.572263 
0.915142 0.182243 0.573093 
0.915531 0.182321 0.573735 
0.147131 0.000000 0.989117 
0.199617 0.000000 0.979874 
0.208252 0.000000 0.978075 
0.208252 0.000000 0.978075 
0.208252 0.000000 0.978075 
0.208252 0.000000 0.978075 
0.133521 0.000000 0.991046 
0.208252 0.000000 0.978075 
0.208252 0.000000 0.978075 
0.599344 0.800492 0.000000 
0.606525 0.795064 0.000000 
0.446701 0.894683 0.000000 
0.546158 0.837682 0.000000 
0.367654 0.929963 0.000000 
0.550751 0.834669 0.000000 
0.662491 0.749070 0.000000 
0.699782 0.714357 0.000000 
0.666767 0.745266 0.000000 
0.746389 0.665510 0.000000 
0.243935 0.969792 0.000000 
0.243935 0.969792 0.000000 
0.243935 0.969792 0.000000 
0.182400 0.983224 0.000000 
0.243935 0.969792 0.000000 
0.219901 0.975522 0.000000 
0.243935 0.969792 0.000000 
0.243935 0.969792 0.000000 
0.243935 0.969792 0.000000 
0.115844 0.993267 0.000000 
0.243935 0.969792 0.000000 
0.243935 0.969792 0.000000 
0.243935 0.969792 0.000000 
0.243935 0.969792 0.000000 
0.196908 0.980422 0.000000 
0.243935 0.969792 0.000000 
0.243935 0.969792 0.000000 
0.004843 0.702318 0.910873 
0.031239 0.481236 1.014009 
0.029887 0.543357 0.963414 
0.031061 0.487114 1.005124 
0.031650 0.464185 1.039085 
0.025691 0.723616 0.879255 
0.029944 0.541281 0.964142 
0.027376 0.728657 0.881627 
0.030579 0.532867 0.978162 
0.022528 0.724894 0.902478 
0.031588 0.504421 1.001754 
0.088401 0.000000 0.996085 
0.088401 0.000000 0.996085 
0.039731 0.000000 0.999210 
0.088401 0.000000 0.996085 
0.078280 0.000000 0.996931 
0.088401 0.000000 0.996085 
0.891815 0.452919 0.299049 
0.897897 0.447159 0.285605 
0.861175 0.488323 0.386683 
0.813897 0.574768 0.327766 
0.866771 0.502775 0.358554 
0.881446 0.464524 0.378297 
0.868695 0.508881 0.360734 
0.828436 0.567988 0.326004 
0.909839 0.431463 0.228495 
0.894583 0.447222 0.291422 
0.911410 0.432112 0.228859 
0.877689 0.499689 0.350062 
0.881865 0.465987 0.378476 
0.883874 0.461175 0.380198 
0.885160 0.461891 0.296160 
0.818372 0.583425 0.333266 
0.820633 0.580790 0.330320 
0.822520 0.635388 0.437810 
0.895555 0.451564 0.293257 
0.129982 0.894249 0.602919 
0.130783 0.899754 0.606631 
0.130811 0.899946 0.606760 
0.128939 0.902984 0.606967 
0.092269 1.039723 0.655849 
0.891031 0.453943 0.000000 
0.983719 0.179714 0.000000 
0.952933 0.303180 0.000000 
0.941655 0.336580 0.000000 
0.946618 0.322356 0.000000 
0.946673 0.322196 0.000000 
0.984127 0.177464 0.000000 
0.991330 0.131394 0.000000 
0.965968 0.258663 0.000000 
0.031800 0.715068 0.832926 
0.030272 0.774274 0.776244 
0.033317 0.734614 0.860715 
0.009542 0.834394 0.782270 
0.029251 0.792062 0.752478 
0.000781 0.887366 0.773705 
0.024734 0.746963 0.851387 
0.041383 0.972873 0.703910 
0.038862 0.874645 0.775223 
0.663556 0.789884 0.540695 
0.520589 0.791970 0.561127 
0.577910 0.790704 0.581200 
0.504282 0.831594 0.547943 
0.562433 0.707355 0.601241 
0.554627 0.731929 0.589247 
0.574128 0.721631 0.611522 
0.525523 0.799477 0.566445 
0.541952 0.776673 0.607693 
0.493394 0.881071 0.547873 
0.525775 0.799957 0.566728 
0.678661 0.795796 0.545170 
0.530995 0.484307 0.856966 
0.518152 0.597233 0.761502 
0.526580 0.500995 0.839799 
0.533251 0.603170 0.768272 
0.572136 0.713797 0.736044 
0.537075 0.492307 0.864133 
0.482927 0.670128 0.789730 
0.497129 0.676673 0.778190 
0.499420 0.612830 0.784303 
0.472032 0.000000 0.881581 
0.472032 0.000000 0.881581 
0.391219 0.000000 0.920298 
0.424902 0.000000 0.905241 
0.472032 0.000000 0.881581 
0.310762 0.000000 0.950510 
0.472032 0.000000 0.881581 
0.384162 0.000000 0.923272 
0.287950 0.000000 0.957645 
0.472032 0.000000 0.881581 
0.267456 0.000000 0.963570 
0.472032 0.000000 0.881581 
0.472032 0.000000 0.881581 
0.418588 0.000000 0.908177 
0.472032 0.000000 0.881581 
0.472032 0.000000 0.881581 
0.994312 0.237279 0.308828 
0.944369 0.251346 0.483681 
0.957924 0.329296 0.269881 
0.981644 0.276477 0.283361 
0.978972 0.292876 0.285483 
0.891274 0.442527 0.469233 
0.959071 0.315607 0.270397 
0.959440 0.309554 0.272843 
0.959821 0.309677 0.272952 
0.975009 0.300070 0.270990 
0.962910 0.304142 0.275071 
0.964828 0.311293 0.274376 
0.969940 0.309485 0.276194 
1.058892 0.118740 0.437493 
0.990029 0.000000 0.140863 
0.948480 0.000000 0.316843 
0.995231 0.097547 0.000000 
0.992233 0.000000 0.124393 
0.990196 0.000000 0.139683 
0.967392 0.000000 0.253288 
0.337716 0.732894 0.756462 
0.279821 0.805364 0.740243 
0.282551 0.806762 0.734253 
0.251842 0.776866 0.775739 
0.331903 0.850955 0.688811 
0.252485 0.777769 0.775388 
0.233033 0.803358 0.838376 
0.281326 0.807392 0.739505 
0.651467 0.656401 0.614685 
0.744680 0.719719 0.472160 
0.703995 0.716517 0.506362 
0.652797 0.669378 0.643279 
0.652953 0.660418 0.636268 
0.653147 0.552170 0.786910 
0.716688 0.724785 0.502169 
0.731555 0.614160 0.609726 
0.719980 0.727018 0.497406 
0.658179 0.546213 0.813922 
0.719542 0.726504 0.187445 
0.790497 0.630685 0.164370 
0.732050 0.697730 0.181591 
0.782686 0.649927 0.161011 
0.791122 0.631017 0.164461 
0.749624 0.686430 0.177506 
0.720065 0.738551 0.189043 
0.721319 0.731064 0.188257 
0.737618 0.699590 0.180717 
0.772165 0.657120 0.169734 
0.774228 0.654989 0.169133 
0.722898 0.706366 0.184205 
0.651753 0.784614 0.226203 
0.599380 0.822183 0.207839 
0.593739 0.834437 0.206990 
0.455643 0.933304 0.174079 
0.511508 0.888101 0.182906 
0.435296 0.942382 0.169125 
0.593190 0.835153 0.206817 
0.555292 0.861902 0.196925 
0.631828 0.806755 0.219484 
0.517297 0.886022 0.187864 
0.421335 0.945963 0.167200 
0.627849 0.811207 0.218161 
0.480404 0.923879 0.180348 
0.653509 0.786773 0.226812 
0.657102 0.786959 0.228053 
0.395505 0.951740 0.162093 
0.558402 0.866728 0.198028 
0.654068 0.787041 0.227006 
0.666335 0.786997 0.232626 
0.592649 0.839997 0.206700 
0.001820 0.999998 0.000000 
0.001820 0.999998 0.000000 
0.000719 1.000000 0.000000 
0.001820 0.999998 0.000000 
0.001820 0.999998 0.000000 
0.001820 0.999998 0.000000 
0.001820 0.999998 0.000000 
0.001820 0.999998 0.000000 
0.821554 0.591348 0.234411 
0.939590 0.419357 0.187563 
0.822455 0.591167 0.234616 
0.822589 0.602920 0.235393 
0.397804 0.870482 0.602193 
0.402996 0.796254 0.704701 
0.403500 0.798062 0.707430 
0.407053 0.837016 0.655250 
