0.234127 0.684582 1.007766 
0.230206 0.738652 1.019273 
0.243782 0.697572 1.051868 
0.250739 0.724755 1.083738 
0.642928 0.560444 1.222670 
0.211118 0.918869 1.081774 
0.217286 0.965412 1.128866 
0.230008 0.828963 1.055398 
0.283227 0.723160 1.156396 
0.245599 0.725896 1.065109 
0.284907 0.728459 1.096946 
0.286687 0.731276 1.221274 
0.233528 0.831960 1.064888 
0.239071 0.801480 1.069729 
0.489443 0.802070 0.889060 
0.496070 0.809117 0.894479 
0.492628 0.803484 0.897853 
0.464456 0.866803 0.959953 
0.498412 0.809773 0.905401 
0.498281 0.812920 0.907721 
0.499914 0.815582 0.910705 
0.501377 0.817931 0.913440 
0.501776 0.818820 0.911780 
0.752417 0.658687 0.000000 
0.782959 0.622074 0.000000 
0.795908 0.605418 0.000000 
0.752417 0.658687 0.000000 
0.755340 0.655339 0.000001 
0.759576 0.650454 0.000005 
0.752417 0.658687 0.000000 
0.876458 0.481479 0.000000 
0.779920 0.625879 0.000000 
0.857163 0.515046 0.000000 
0.863912 0.189457 0.871718 
0.926612 0.269964 0.910130 
0.937644 0.214705 0.947327 
1.053792 0.187098 1.061478 
0.901532 0.263636 0.920689 
0.902534 0.263156 0.920910 
0.945540 0.216513 0.955304 
0.909377 0.264554 0.928107 
0.910549 0.265077 0.929526 
0.910716 0.265463 0.929177 
0.914520 0.266300 0.933672 
0.935081 0.272431 0.918415 
0.915146 0.267187 0.934853 
0.919090 0.268371 0.938285 
0.919880 0.267844 0.939294 
0.969686 0.282197 0.937247 
0.971143 0.206271 0.982747 
0.921821 0.268093 0.941310 
0.923070 0.271709 0.942804 
0.822170 0.550366 0.700712 
0.828815 0.556178 0.711552 
0.835981 0.556178 0.710209 
0.834534 0.559084 0.712538 
0.835269 0.557915 0.716064 
0.839503 0.558521 0.713201 
0.822098 0.545404 1.116696 
0.837504 0.562434 0.719853 
0.837719 0.561479 0.714972 
0.844207 0.565478 0.708637 
0.839373 0.563076 0.722677 
0.705704 0.000000 0.959358 
0.830572 0.000000 0.865873 
0.719477 0.000000 0.951268 
0.768675 0.000000 0.917511 
0.719478 0.000000 0.951269 
0.748372 0.000000 0.932265 
0.709191 0.000000 0.957332 
0.959593 0.000000 0.705265 
0.845589 0.000000 0.851451 
1.042843 0.000000 0.498893 
0.978936 0.000000 0.671010 
0.872927 0.000000 0.822931 
1.041464 0.000000 0.504091 
1.015610 0.000000 0.587945 
1.035292 0.000000 0.527643 
1.099864 0.162833 0.627877 
1.124624 0.166674 0.647864 
1.139034 0.168632 0.650237 
1.148669 0.166742 0.661427 
0.091516 0.000000 1.031169 
0.091516 0.000000 1.031169 
0.091516 0.000000 1.031169 
0.091516 0.000000 1.031169 
0.091516 0.000000 1.031169 
0.091516 0.000000 1.031169 
0.091516 0.000000 1.031169 
0.091516 0.000000 1.031169 
0.091516 0.000000 1.031169 
0.599318 0.800511 0.000000 
0.606477 0.795102 0.000000 
0.446757 0.894656 0.000000 
0.546169 0.837678 0.000001 
0.367566 0.929997 0.000000 
0.550770 0.834710 0.000017 
0.662492 0.749069 0.000000 
0.699731 0.714407 0.000000 
0.666758 0.745274 0.000000 
0.746389 0.665510 0.000000 
0.243935 0.969792 0.000000 
0.243935 0.969792 0.000000 
0.243935 0.969792 0.000000 
0.182280 0.983247 0.000000 
0.243935 0.969792 0.000000 
0.219790 0.975547 0.000000 
0.243935 0.969792 0.000000 
0.243935 0.969792 0.000000 
0.243935 0.969792 0.000000 
0.115799 0.993276 0.000000 
0.243935 0.969792 0.000000 
0.243935 0.969792 0.000000 
0.243935 0.969792 0.000000 
0.243935 0.969792 0.000000 
0.196926 0.980418 0.000000 
0.243935 0.969792 0.000000 
0.243935 0.969792 0.000000 
0.058636 0.746822 1.106177 
0.042328 0.617938 1.254136 
0.196659 0.753892 1.211604 
0.043388 0.631268 1.270183 
0.013744 0.593422 1.403156 
0.065957 0.816022 1.140183 
0.055077 0.757642 1.172486 
0.060828 0.774746 1.147538 
0.040229 0.692182 1.269958 
0.034603 0.890621 1.198218 
0.043236 0.631191 1.281032 
0.000000 0.000000 1.000000 
0.000000 0.000000 1.000000 
0.000000 0.000000 1.000000 
0.000000 0.000000 1.000000 
0.000000 0.000000 1.000000 
0.000000 0.000000 1.000000 
0.981307 0.463148 0.246104 
0.983758 0.464307 0.246718 
0.984465 0.464730 0.246922 
0.998319 0.672415 0.500374 
1.001407 0.472693 0.251128 
1.003452 0.473789 0.251847 
1.004285 0.475279 0.253190 
1.006292 0.474942 0.252369 
1.007803 0.475933 0.253000 
1.007868 0.476380 0.259374 
1.011356 0.477232 0.253545 
1.012637 0.477922 0.253957 
1.013747 0.474885 0.250259 
1.014733 0.479030 0.254513 
1.017776 0.480338 0.255243 
1.017813 0.480569 0.255450 
1.018323 0.480711 0.255410 
1.018917 0.479012 0.253330 
1.020266 0.481756 0.256072 
0.187024 1.194078 0.759846 
0.212936 1.147946 0.795604 
0.208695 1.133355 0.802370 
0.228023 1.197681 0.767587 
0.094847 1.373619 0.862344 
0.891059 0.453888 0.000000 
0.983729 0.179658 0.000000 
0.952966 0.303093 0.000001 
0.941655 0.336580 0.000000 
0.946623 0.322345 0.000000 
0.946674 0.322194 0.000000 
0.984134 0.177428 0.000000 
0.991330 0.131394 0.000000 
0.965985 0.258640 0.000002 
0.071849 0.973072 0.992834 
0.045748 0.981431 0.950202 
0.035438 0.994837 0.922188 
0.011441 1.074269 1.041309 
0.037204 1.016707 0.937094 
0.009414 1.083024 1.044323 
0.074435 1.000239 1.015439 
0.209382 1.216576 0.930914 
0.038157 1.017145 0.939701 
0.577767 1.017709 0.645357 
0.636579 0.895249 0.690926 
0.643106 0.889410 0.690672 
0.584364 1.019203 0.633668 
0.649338 0.897483 0.697098 
0.669088 0.897962 0.705130 
0.675017 0.898812 0.715326 
0.638723 0.919322 0.707826 
0.644293 0.916573 0.704443 
0.587075 1.023674 0.636619 
0.641775 0.970570 0.694692 
0.656547 0.907447 0.704838 
0.742729 0.698065 1.035588 
0.628407 0.756241 0.912076 
0.750260 0.708329 1.047151 
0.689481 0.746665 0.942069 
0.585551 0.818430 0.928747 
0.763581 0.702865 1.059958 
0.586384 0.818778 0.929281 
0.593748 0.829060 0.940951 
0.636339 0.805942 0.951201 
0.550317 0.000000 1.028414 
0.550314 0.000000 1.028415 
0.447387 0.000000 1.052988 
0.490100 0.000000 1.044663 
0.550316 0.000000 1.028415 
0.225289 0.000000 1.057775 
0.550314 0.000000 1.028415 
0.438766 0.000000 1.054362 
0.225289 0.000000 1.057775 
0.550314 0.000000 1.028415 
0.225289 0.000000 1.057775 
0.550311 0.000000 1.028416 
0.550312 0.000000 1.028416 
0.481929 0.000000 1.046340 
0.550312 0.000000 1.028416 
0.550311 0.000000 1.028416 
1.265356 0.295840 0.359685 
1.194656 0.298298 0.354266 
1.228311 0.314071 0.352553 
1.235178 0.316030 0.352617 
1.213937 0.368575 0.577895 
1.235330 0.314739 0.355045 
1.236767 0.318115 0.352192 
1.237649 0.319174 0.351220 
1.237694 0.318303 0.352554 
1.244196 0.326625 0.348093 
1.239873 0.322096 0.351415 
1.240750 0.319190 0.353370 
1.241118 0.309994 0.366539 
1.592519 0.193951 0.624725 
0.999923 0.012391 0.000000 
0.995115 0.098724 0.000000 
0.995231 0.097547 0.000000 
0.999426 0.033864 0.000000 
0.995474 0.095039 0.000000 
0.995115 0.098724 0.000000 
0.338002 0.971615 0.932278 
0.352034 0.978940 0.897139 
0.366159 0.994929 0.917076 
0.300027 0.973363 0.942612 
0.370055 1.006891 0.925103 
0.235769 0.933603 1.003167 
0.204812 0.922142 1.029465 
0.344978 0.984577 0.944773 
0.727958 0.738741 0.735494 
0.841980 0.788744 0.551264 
0.826026 0.767412 0.551624 
0.749391 0.760491 0.757148 
0.790328 0.790913 0.794125 
0.845058 0.652480 0.786761 
0.837316 0.748574 0.595885 
0.834786 0.730272 0.705921 
0.845729 0.784943 0.566099 
0.823557 0.684603 0.776104 
0.776707 0.754943 0.201740 
0.859232 0.696596 0.182250 
0.786705 0.717951 0.178245 
0.796675 0.729471 0.180379 
0.869623 0.679365 0.181202 
0.795472 0.727864 0.183447 
0.777737 0.745350 0.183354 
0.784355 0.757305 0.199612 
0.788420 0.736706 0.183610 
0.831650 0.707271 0.186123 
0.838908 0.713763 0.187820 
0.787218 0.754436 0.185589 
0.689350 0.851764 0.238558 
0.667048 0.884164 0.232064 
0.627052 0.909581 0.211881 
0.502522 1.024165 0.193035 
0.556909 0.979893 0.224591 
0.488110 1.036246 0.189164 
0.642608 0.918241 0.233157 
0.625246 0.952984 0.217516 
0.681413 0.864154 0.237218 
0.563625 0.985580 0.209213 
0.445281 1.076895 0.178937 
0.687916 0.854026 0.226862 
0.528016 1.017218 0.212116 
0.689354 0.851801 0.239818 
0.689990 0.853069 0.227265 
0.454119 1.095074 0.219129 
0.592638 0.978183 0.249209 
0.692461 0.855627 0.240896 
0.736551 0.856187 0.306962 
0.651234 0.918681 0.234265 
0.001820 0.999998 0.000000 
0.001820 0.999998 0.000000 
0.000719 1.000000 0.000000 
0.001820 0.999998 0.000000 
0.001820 0.999998 0.000000 
0.001820 0.999998 0.000000 
0.001820 0.999998 0.000000 
0.001820 0.999998 0.000000 
0.937208 0.609950 0.247756 
1.019297 0.521237 0.090034 
0.973202 0.535717 0.248641 
0.979259 0.656410 0.214090 
0.463828 0.929165 0.729841 
0.473465 0.948472 0.751742 
0.485751 0.973082 0.764337 
0.488690 0.978972 0.768959 
