0.417213 0.498813 0.905644 
0.237022 0.559345 0.845602 
0.231340 0.514401 0.896713 
0.272449 0.531701 0.863079 
0.470569 0.441966 0.898985 
0.149758 0.643422 0.899887 
0.151457 0.723350 0.865323 
0.237062 0.559501 0.845823 
0.284514 0.531864 0.869275 
0.238396 0.562587 0.850503 
0.272610 0.532069 0.863723 
0.234715 0.506680 0.905537 
0.205616 0.582848 0.860211 
0.205214 0.583360 0.860478 
0.423871 0.606204 0.803027 
0.382310 0.643888 0.712458 
0.424676 0.607937 0.803573 
0.355448 0.674204 0.725860 
0.383437 0.645786 0.714558 
0.384345 0.646857 0.715863 
0.384527 0.652630 0.716022 
0.386603 0.644412 0.720322 
0.424503 0.608687 0.803055 
0.735828 0.691893 0.112209 
0.782944 0.622092 0.000000 
0.795902 0.605426 0.000000 
0.735874 0.691989 0.112187 
0.755346 0.655326 0.000000 
0.759574 0.650421 0.000000 
0.736874 0.690139 0.113175 
0.876407 0.481571 0.000000 
0.779922 0.625877 0.000000 
0.857157 0.515055 0.000000 
0.611857 0.343010 0.831451 
0.779798 0.247843 0.654789 
0.753556 0.146751 0.735738 
0.758234 0.146756 0.771342 
0.692563 0.189726 0.793398 
0.729103 0.184955 0.741052 
0.762823 0.148598 0.744822 
0.715032 0.242908 0.773975 
0.669636 0.317359 0.814465 
0.718530 0.254276 0.751622 
0.637726 0.362730 0.873292 
0.757577 0.197309 0.713628 
0.727277 0.182625 0.744304 
0.692451 0.205734 0.836083 
0.675067 0.223367 0.799091 
0.781858 0.242031 0.660523 
0.738872 0.181031 0.760240 
0.715182 0.242959 0.774137 
0.807145 0.210047 0.704155 
0.797931 0.536496 0.515966 
0.686969 0.461454 0.667590 
0.712818 0.476786 0.612493 
0.641612 0.426633 0.730946 
0.639209 0.425449 0.733503 
0.715009 0.478251 0.614376 
0.592206 0.402424 0.796043 
0.570228 0.391161 0.820671 
0.633057 0.421168 0.743596 
0.724235 0.484329 0.618929 
0.592110 0.402795 0.800725 
0.592711 0.000000 0.805416 
0.691867 0.000000 0.722025 
0.603293 0.000000 0.797520 
0.642372 0.000000 0.766393 
0.603277 0.000000 0.797531 
0.625987 0.000000 0.779833 
0.595278 0.000000 0.803520 
0.805639 0.000000 0.592407 
0.704627 0.000000 0.709578 
0.901746 0.000000 0.432267 
0.824532 0.000000 0.565815 
0.727317 0.000000 0.686301 
0.900025 0.000000 0.435837 
0.865318 0.000000 0.501222 
0.890915 0.000000 0.454170 
0.871553 0.173743 0.542019 
0.837947 0.196958 0.655814 
0.865458 0.173485 0.543682 
0.866823 0.173759 0.544539 
0.147136 0.000000 0.989116 
0.199638 0.000000 0.979870 
0.208254 0.000000 0.978075 
0.208254 0.000000 0.978075 
0.208254 0.000000 0.978075 
0.208254 0.000000 0.978075 
0.133524 0.000000 0.991046 
0.208254 0.000000 0.978075 
0.208254 0.000000 0.978075 
0.599345 0.800490 0.000000 
0.606536 0.795056 0.000000 
0.446719 0.894674 0.000000 
0.546158 0.837682 0.000000 
0.367654 0.929963 0.000000 
0.550751 0.834669 0.000000 
0.662491 0.749070 0.000000 
0.699782 0.714357 0.000000 
0.666767 0.745266 0.000000 
0.746389 0.665510 0.000000 
0.403923 0.948164 0.350904 
0.456040 0.944220 0.559044 
0.243935 0.969792 0.000000 
0.182407 0.983223 0.000000 
0.243935 0.969792 0.000000 
0.219901 0.975522 0.000000 
0.243935 0.969792 0.000000 
0.243935 0.969792 0.000000 
0.243935 0.969792 0.000000 
0.115852 0.993266 0.000000 
0.243935 0.969792 0.000000 
0.243935 0.969792 0.000000 
0.243935 0.969792 0.000000 
0.243935 0.969792 0.000000 
0.196922 0.980419 0.000000 
0.243935 0.969792 0.000000 
0.243935 0.969792 0.000000 
0.025036 0.647818 0.828610 
0.007960 0.454176 0.976855 
0.027827 0.539695 0.914793 
0.030267 0.476038 0.963942 
0.002980 0.409005 0.998597 
0.026536 0.661078 0.820520 
0.027599 0.531831 0.917311 
0.024792 0.653285 0.822579 
0.027619 0.531650 0.919642 
0.024860 0.655695 0.825808 
0.030141 0.480959 0.961450 
0.088401 0.000000 0.996085 
0.088401 0.000000 0.996085 
0.039731 0.000000 0.999210 
0.088401 0.000000 0.996085 
0.078280 0.000000 0.996931 
0.088401 0.000000 0.996085 
0.883570 0.449151 0.295987 
0.890298 0.449740 0.278200 
0.824077 0.454632 0.427260 
0.774340 0.604824 0.392879 
0.823987 0.454842 0.429536 
0.825310 0.451889 0.433735 
0.826191 0.469156 0.405943 
0.808262 0.544056 0.497315 
0.907557 0.429453 0.225670 
0.883586 0.449164 0.296011 
0.906380 0.429471 0.226620 
0.841903 0.529010 0.344029 
0.825261 0.455724 0.430154 
0.826381 0.456166 0.430748 
0.874080 0.454816 0.289403 
0.786922 0.595447 0.350139 
0.784544 0.609508 0.375275 
0.778341 0.614540 0.399329 
0.878411 0.457954 0.296859 
0.094516 0.858807 0.576431 
0.095302 0.863913 0.579874 
0.096124 0.865100 0.580722 
0.095246 0.866187 0.581379 
0.087577 0.889329 0.596206 
0.891008 0.453988 0.000000 
0.983718 0.179721 0.000000 
0.952933 0.303181 0.000000 
0.941655 0.336580 0.000000 
0.946618 0.322357 0.000000 
0.946673 0.322196 0.000000 
0.984127 0.177468 0.000000 
0.991330 0.131394 0.000000 
0.965961 0.258688 0.000000 
0.030175 0.686472 0.788723 
0.029837 0.700859 0.775388 
0.030306 0.689456 0.792151 
0.006030 0.793969 0.715449 
0.011981 0.786622 0.728228 
0.006530 0.797001 0.717210 
0.030533 0.694435 0.797947 
0.081799 0.889274 0.636670 
0.006175 0.802375 0.722824 
0.584015 0.756554 0.480041 
0.484607 0.742512 0.574063 
0.592839 0.708847 0.514768 
0.511250 0.776869 0.529295 
0.538528 0.674230 0.610446 
0.551998 0.687036 0.562017 
0.553223 0.693083 0.563405 
0.487436 0.743953 0.574842 
0.498368 0.734738 0.577153 
0.480239 0.851329 0.529110 
0.579995 0.719055 0.516313 
0.580184 0.720272 0.513264 
0.551755 0.450818 0.877537 
0.511245 0.585772 0.750407 
0.509764 0.481150 0.819376 
0.518735 0.590750 0.750783 
0.479619 0.674096 0.687064 
0.525979 0.479105 0.849122 
0.450758 0.643955 0.759157 
0.474961 0.648924 0.749002 
0.472367 0.574572 0.796276 
0.472032 0.000000 0.881581 
0.472032 0.000000 0.881581 
0.391219 0.000000 0.920298 
0.424901 0.000000 0.905240 
0.472032 0.000000 0.881581 
0.310741 0.000000 0.950495 
0.472032 0.000000 0.881581 
0.384243 0.000000 0.923233 
0.287942 0.000000 0.957648 
0.472032 0.000000 0.881581 
0.267456 0.000000 0.963570 
0.472032 0.000000 0.881581 
0.472032 0.000000 0.881581 
0.418598 0.000000 0.908172 
0.472032 0.000000 0.881581 
0.472032 0.000000 0.881581 
0.955256 0.225206 0.377348 
0.930233 0.239714 0.471151 
0.927144 0.313007 0.371159 
0.979718 0.255064 0.301269 
0.938361 0.284216 0.402595 
0.884943 0.442115 0.467015 
0.900439 0.400845 0.469365 
0.929946 0.319490 0.333544 
0.896079 0.407461 0.468099 
0.962067 0.279949 0.266445 
0.920647 0.266757 0.470861 
0.921399 0.267197 0.493829 
0.928089 0.302075 0.370340 
0.972610 0.104112 0.419183 
0.990029 0.000000 0.140865 
0.948425 0.000000 0.317002 
0.995231 0.097547 0.000000 
0.992233 0.000000 0.124396 
0.990196 0.000000 0.139685 
0.967391 0.000000 0.253287 
0.246013 0.729060 0.742074 
0.270390 0.772920 0.694118 
0.257806 0.785247 0.689295 
0.247162 0.732919 0.742456 
0.326595 0.872826 0.660448 
0.164626 0.683492 0.786322 
0.172641 0.691487 0.795993 
0.257987 0.785754 0.689903 
0.586170 0.596991 0.686184 
0.694772 0.707198 0.449918 
0.678313 0.683205 0.477921 
0.620999 0.634715 0.591316 
0.588499 0.605518 0.687980 
0.588401 0.514126 0.743934 
0.672720 0.685230 0.467880 
0.720087 0.602654 0.599855 
0.674479 0.687022 0.469103 
0.603468 0.526901 0.758966 
0.701442 0.720886 0.182015 
0.784996 0.624590 0.162941 
0.728055 0.696029 0.265351 
0.779919 0.646975 0.160475 
0.786182 0.625180 0.163112 
0.740547 0.679787 0.182383 
0.702736 0.722217 0.182350 
0.703752 0.723260 0.182614 
0.730066 0.694750 0.290629 
0.766995 0.650705 0.369761 
0.766881 0.653795 0.168499 
0.720594 0.705932 0.184029 
0.673279 0.758122 0.245626 
0.600845 0.808238 0.216227 
0.579310 0.818420 0.214585 
0.447573 0.921415 0.171847 
0.507935 0.883503 0.185453 
0.422904 0.924957 0.165439 
0.580861 0.818692 0.215372 
0.545937 0.843739 0.194502 
0.618460 0.789382 0.214406 
0.510638 0.883366 0.186189 
0.418805 0.932713 0.165633 
0.613880 0.796245 0.205805 
0.467751 0.905816 0.175878 
0.658351 0.762802 0.238349 
0.673993 0.759033 0.245873 
0.396713 0.945890 0.161987 
0.544843 0.846116 0.194314 
0.646861 0.773295 0.305063 
0.664306 0.763479 0.241753 
0.583560 0.820196 0.216351 
0.001820 0.999998 0.000000 
0.001820 0.999998 0.000000 
0.000719 1.000000 0.000000 
0.001820 0.999998 0.000000 
0.001820 0.999998 0.000000 
0.001820 0.999998 0.000000 
0.001820 0.999998 0.000000 
0.001820 0.999998 0.000000 
0.812135 0.593595 0.234654 
0.918918 0.425443 0.185387 
0.823565 0.587790 0.233320 
0.810137 0.594731 0.234930 
0.380321 0.828351 0.564556 
0.455985 0.700643 0.660590 
0.387081 0.761408 0.654934 
0.382972 0.804114 0.649392 
