0.245599 0.725896 1.065109 
0.239071 0.801480 1.069729 
0.269331 0.741759 1.155975 
0.271085 0.744733 1.161994 
0.275508 0.752077 1.180016 
0.211118 0.918869 1.081774 
0.217286 0.965412 1.128866 
0.226988 0.873871 1.095955 
0.291940 0.752579 1.241205 
0.274848 0.768044 1.161927 
0.276663 0.758243 1.185548 
0.286649 0.758957 1.223803 
0.282476 0.830399 1.123497 
0.252314 0.831730 1.123778 
0.492628 0.803484 0.897853 
0.501776 0.818820 0.911780 
0.513873 0.839245 0.934445 
0.464456 0.866803 0.959953 
0.516793 0.843979 0.939755 
0.518577 0.846961 0.943032 
0.520985 0.850480 0.948168 
0.526984 0.859917 0.957566 
0.531337 0.866979 0.965455 
0.752417 0.658687 0.000000 
0.782970 0.622067 0.000001 
0.795908 0.605418 0.000000 
0.752417 0.658687 0.000000 
0.755340 0.655339 0.000001 
0.759580 0.650457 0.000005 
0.752417 0.658687 0.000000 
0.876618 0.481187 0.000000 
0.779921 0.625879 0.000000 
0.857259 0.514886 0.000000 
1.053760 0.216821 1.061882 
1.099457 0.477043 0.897605 
1.063116 0.218714 1.073680 
1.076482 0.221489 1.083296 
1.085295 0.450892 1.121422 
1.101982 0.226116 1.084987 
1.093972 0.225096 1.102658 
1.097184 0.225755 1.105727 
1.100424 0.464786 1.156846 
1.108579 0.228100 1.117210 
1.121702 0.230868 1.132868 
1.129699 0.232495 1.120983 
1.121870 0.230832 1.129869 
1.122301 0.230668 1.128891 
1.126149 0.231760 1.136778 
1.129665 0.232492 1.121011 
1.127668 0.232011 1.139664 
1.131107 0.232478 1.137748 
1.138068 0.233480 1.122693 
0.849034 0.561922 0.716914 
0.837504 0.562434 0.719853 
0.842315 0.565050 0.722770 
0.857278 0.578359 0.736572 
0.861443 0.571499 0.730803 
0.869943 0.574528 0.735874 
0.864018 0.576081 0.736816 
0.864728 0.582390 0.745230 
0.868659 0.575598 0.736009 
0.874900 0.578365 0.737604 
0.875166 0.589791 0.754530 
0.705059 0.000000 0.959762 
0.831289 0.000000 0.868180 
0.719422 0.000000 0.951960 
0.768936 0.000000 0.918229 
0.719422 0.000000 0.951960 
0.748560 0.000000 0.931989 
0.709202 0.000000 0.957347 
0.959861 0.000000 0.704883 
0.845623 0.000000 0.851418 
1.043243 0.000000 0.499232 
0.979002 0.000000 0.671399 
0.874350 0.000000 0.822148 
1.042266 0.000000 0.503628 
1.015826 0.000000 0.588070 
1.035644 0.000000 0.527299 
1.229214 0.181734 0.695011 
1.245967 0.184211 0.733027 
1.271164 0.187936 0.747851 
1.281045 0.189397 0.753664 
0.091519 0.000000 1.031171 
0.091520 0.000000 1.031171 
0.091520 0.000000 1.031171 
0.091520 0.000000 1.031171 
0.091520 0.000000 1.031171 
0.091520 0.000000 1.031171 
0.091520 0.000000 1.031171 
0.091520 0.000000 1.031171 
0.091520 0.000000 1.031171 
0.599301 0.800524 0.000000 
0.606453 0.795121 0.000000 
0.446758 0.894657 0.000001 
0.546140 0.837742 0.000010 
0.367566 0.929997 0.000000 
0.550776 0.834722 0.000017 
0.662490 0.749071 0.000000 
0.699731 0.714407 0.000000 
0.666754 0.745278 0.000000 
0.746389 0.665511 0.000000 
0.243935 0.969792 0.000000 
0.243935 0.969792 0.000000 
0.243935 0.969792 0.000000 
0.182280 0.983247 0.000000 
0.243935 0.969792 0.000000 
0.219790 0.975547 0.000000 
0.243935 0.969792 0.000000 
0.243935 0.969792 0.000000 
0.243935 0.969792 0.000000 
0.115349 0.993326 0.000000 
0.243935 0.969792 0.000000 
0.243935 0.969792 0.000000 
0.243935 0.969792 0.000000 
0.243935 0.969792 0.000000 
0.196721 0.980460 0.000000 
0.243935 0.969792 0.000000 
0.243935 0.969792 0.000000 
0.059769 0.799714 1.168979 
0.020132 0.667323 1.404334 
0.090358 0.780584 1.267628 
0.027218 0.707662 1.421983 
0.008862 0.639947 1.524764 
0.059828 0.805794 1.179221 
0.059683 0.793122 1.182746 
0.060676 0.811812 1.186656 
0.111456 0.770536 1.332356 
0.042491 0.913070 1.249773 
0.031035 0.718175 1.379649 
0.000000 0.000000 1.000000 
0.000000 0.000000 1.000000 
0.000000 0.000000 1.000000 
0.000000 0.000000 1.000000 
0.000000 0.000000 1.000000 
0.000000 0.000000 1.000000 
1.020266 0.481756 0.256072 
1.030667 0.486667 0.258683 
1.042371 0.489676 0.259712 
1.060770 0.500128 0.266406 
1.069680 0.505450 0.269009 
1.070607 0.506028 0.269522 
1.070910 0.505984 0.269793 
1.071849 0.506203 0.268891 
1.072311 0.506339 0.269021 
1.074396 0.515456 0.270800 
1.074615 0.507494 0.269696 
1.075023 0.514613 0.270627 
1.075842 0.507289 0.270197 
1.076032 0.507324 0.270239 
1.076483 0.507537 0.270352 
1.076505 0.508843 0.270745 
1.077240 0.508917 0.271057 
1.019581 0.889713 0.596853 
1.077278 0.508718 0.270272 
0.234333 1.230825 0.788829 
0.210770 1.144624 0.810348 
0.217915 1.152942 0.818744 
0.268877 1.317529 0.813050 
0.132848 1.353747 0.854818 
0.891059 0.453888 0.000000 
0.983731 0.179659 0.000000 
0.953038 0.303055 0.000015 
0.941655 0.336580 0.000000 
0.946634 0.322332 0.000001 
0.946675 0.322194 0.000000 
0.984135 0.177428 0.000000 
0.991330 0.131394 0.000000 
0.965986 0.258640 0.000002 
0.075818 1.012434 1.027895 
0.075933 1.013960 1.029444 
0.076195 1.017685 1.033169 
0.010076 1.159196 1.117773 
0.068588 1.090175 0.969475 
0.010217 1.175464 1.133459 
0.076563 1.022819 1.038080 
0.085415 1.165083 0.988103 
0.070662 1.126583 0.999716 
0.654787 0.964710 0.737685 
0.655709 0.966070 0.738724 
0.710340 0.930964 0.738596 
0.672073 0.966863 0.740244 
0.725447 0.939291 0.748640 
0.725607 0.939498 0.748805 
0.727047 0.945991 0.752603 
0.667146 1.005013 0.757472 
0.674572 0.984708 0.751757 
0.614757 1.030350 0.749718 
0.703932 0.951253 0.745146 
0.730576 0.955077 0.758506 
0.674609 0.756792 0.942821 
0.671625 0.796303 0.973694 
0.802480 0.757841 1.093649 
0.668146 0.796476 0.977912 
0.586384 0.818778 0.929281 
0.824080 0.784388 1.120682 
0.591444 0.834327 0.945493 
0.624977 0.863027 0.981161 
0.668520 0.806380 0.973152 
0.550313 0.000000 1.028429 
0.550311 0.000000 1.028431 
0.447387 0.000000 1.052988 
0.490103 0.000000 1.044668 
0.550311 0.000000 1.028431 
0.225293 0.000000 1.057790 
0.550311 0.000000 1.028431 
0.438766 0.000000 1.054363 
0.225414 0.000000 1.057795 
0.550312 0.000000 1.028431 
0.225806 0.000000 1.057841 
0.550311 0.000000 1.028432 
0.550311 0.000000 1.028432 
0.481081 0.000000 1.046598 
0.550312 0.000000 1.028432 
0.550312 0.000000 1.028432 
1.285821 0.304127 0.377439 
1.242193 0.310142 0.367655 
1.244054 0.310806 0.356965 
1.244588 0.310588 0.368976 
1.246117 0.311330 0.357006 
1.246405 0.311023 0.369588 
1.247681 0.311333 0.369987 
1.248869 0.311656 0.370196 
1.250094 0.312114 0.370245 
1.255766 0.320826 0.357046 
1.250209 0.312144 0.370278 
1.252091 0.312613 0.370837 
1.252109 0.314375 0.358126 
1.598941 0.199925 0.621978 
0.999923 0.012391 0.000000 
0.995115 0.098724 0.000000 
0.995231 0.097547 0.000000 
0.999427 0.033846 0.000000 
0.995474 0.095039 0.000000 
0.995115 0.098724 0.000000 
0.332109 0.987863 0.986818 
0.374318 1.018490 0.935760 
0.431571 1.095029 0.945465 
0.338761 0.999830 0.996447 
0.354080 1.017604 0.984899 
0.211237 0.957603 1.071570 
0.211604 0.980929 1.101866 
0.344556 1.009563 1.003953 
0.845058 0.652480 0.786761 
0.995397 1.021322 0.599533 
1.004473 1.005569 0.632815 
0.866110 0.718881 0.816378 
0.868127 0.710757 0.815313 
0.874805 0.680656 0.819067 
1.004473 1.005569 0.632815 
0.984694 0.775012 0.804678 
0.998518 1.016995 0.603922 
0.877235 0.831158 0.959178 
0.784355 0.757305 0.199612 
0.905988 0.718017 0.190767 
0.797867 0.736448 0.179528 
0.810381 0.747161 0.181897 
0.916686 0.718187 0.191865 
0.814168 0.749324 0.182760 
0.815852 0.750948 0.183328 
0.827191 0.759649 0.185351 
0.829890 0.763934 0.186471 
0.872189 0.737645 0.188503 
0.876072 0.740929 0.189342 
0.830129 0.765367 0.186330 
0.762392 0.909870 0.255996 
0.702680 0.943281 0.276404 
0.663071 0.956961 0.259384 
0.521293 1.063516 0.194316 
0.560478 0.990294 0.225391 
0.475250 1.096938 0.192756 
0.667779 0.959675 0.249879 
0.594428 0.983725 0.250191 
0.722016 0.917744 0.240573 
0.590282 0.997124 0.252073 
0.481588 1.109441 0.192806 
0.729424 0.927132 0.243032 
0.541996 1.049507 0.203133 
0.765539 0.933397 0.264140 
0.738488 0.937970 0.246039 
0.465199 1.120824 0.184101 
0.590408 0.991485 0.249779 
0.738581 0.940850 0.258451 
0.795126 0.938041 0.264034 
0.669107 0.962200 0.253958 
0.001820 0.999998 0.000000 
0.001820 0.999998 0.000000 
0.000719 1.000000 0.000000 
0.001820 0.999998 0.000000 
0.001820 0.999998 0.000000 
0.001820 0.999998 0.000000 
0.001820 0.999998 0.000000 
0.001820 0.999998 0.000000 
1.002280 0.523133 0.090210 
1.004129 0.524118 0.090377 
1.004448 0.524266 0.090405 
1.006190 0.525125 0.090560 
0.509754 1.022626 0.799269 
0.510445 1.022551 0.803194 
0.511172 1.024008 0.804339 
0.511291 1.024246 0.804525 
