0.232451 0.520799 0.929000 
0.210296 0.593851 0.867788 
0.289886 0.543693 0.888165 
0.300041 0.574199 0.903232 
0.537252 0.490147 0.980056 
0.161090 0.699848 0.979462 
0.162656 0.663770 0.936206 
0.210292 0.602017 0.878070 
0.299291 0.556394 0.911711 
0.241921 0.595554 0.895218 
0.286464 0.592439 0.921655 
0.302030 0.553511 1.060286 
0.213023 0.601576 0.879071 
0.363073 0.721549 0.882200 
0.429763 0.661331 0.748667 
0.359063 0.687441 0.740179 
0.407431 0.669570 0.745285 
0.368625 0.695405 0.750829 
0.407304 0.669959 0.745517 
0.435914 0.714062 0.746092 
0.370906 0.696546 0.752778 
0.418069 0.674901 0.755698 
0.430330 0.669808 0.757417 
0.752417 0.658687 0.000000 
0.782945 0.622091 0.000000 
0.795908 0.605418 0.000000 
0.752417 0.658687 0.000000 
0.755346 0.655326 0.000000 
0.759572 0.650423 0.000000 
0.752417 0.658687 0.000000 
0.876407 0.481571 0.000000 
0.779922 0.625877 0.000000 
0.857157 0.515055 0.000000 
0.729046 0.192201 0.828137 
0.858856 0.262720 0.684713 
0.762264 0.193384 0.747575 
0.783530 0.148789 0.769973 
0.730595 0.183673 0.755803 
0.757409 0.234390 0.722734 
0.770284 0.156096 0.752638 
0.734649 0.191630 0.764148 
0.729128 0.193175 0.844908 
0.734776 0.190072 0.764882 
0.732380 0.193036 0.830303 
0.763010 0.233172 0.724828 
0.738872 0.181031 0.760240 
0.732467 0.191988 0.806157 
0.735449 0.190392 0.765913 
0.794348 0.204636 0.714913 
0.743034 0.182076 0.764567 
0.736032 0.190410 0.766221 
0.798327 0.205665 0.719192 
0.902108 0.600600 0.580963 
0.714430 0.476822 0.680694 
0.733528 0.491063 0.672898 
0.686395 0.456087 0.760393 
0.688722 0.458734 0.753303 
0.764212 0.511126 0.647577 
0.659120 0.437811 0.814280 
0.662365 0.439945 0.829314 
0.668190 0.443797 0.799929 
0.765601 0.512079 0.647061 
0.663482 0.440518 0.860340 
0.592718 0.000000 0.805413 
0.691833 0.000000 0.722057 
0.603293 0.000000 0.797519 
0.642297 0.000000 0.766456 
0.603277 0.000000 0.797532 
0.625990 0.000000 0.779837 
0.595280 0.000000 0.803518 
0.805639 0.000000 0.592407 
0.704630 0.000000 0.709580 
0.901745 0.000000 0.432269 
0.824626 0.000000 0.565678 
0.727326 0.000000 0.686292 
0.900012 0.000000 0.435878 
0.865330 0.000000 0.501215 
0.890917 0.000000 0.454166 
0.913738 0.181964 0.572214 
0.913816 0.181979 0.572263 
0.915142 0.182243 0.573093 
0.918761 0.182964 0.575359 
0.147131 0.000000 0.989117 
0.199613 0.000000 0.979875 
0.208252 0.000000 0.978075 
0.208252 0.000000 0.978075 
0.208252 0.000000 0.978075 
0.208252 0.000000 0.978075 
0.133521 0.000000 0.991046 
0.208252 0.000000 0.978075 
0.208252 0.000000 0.978075 
0.599344 0.800492 0.000000 
0.606525 0.795064 0.000000 
0.446701 0.894683 0.000000 
0.546158 0.837682 0.000000 
0.367654 0.929963 0.000000 
0.550751 0.834669 0.000000 
0.662491 0.749070 0.000000 
0.699782 0.714357 0.000000 
0.666767 0.745266 0.000000 
0.746389 0.665510 0.000000 
0.243935 0.969792 0.000000 
0.243935 0.969792 0.000000 
0.243935 0.969792 0.000000 
0.182400 0.983224 0.000000 
0.243935 0.969792 0.000000 
0.219901 0.975522 0.000000 
0.243935 0.969792 0.000000 
0.243935 0.969792 0.000000 
0.243935 0.969792 0.000000 
0.115844 0.993267 0.000000 
0.243935 0.969792 0.000000 
0.243935 0.969792 0.000000 
0.243935 0.969792 0.000000 
0.243935 0.969792 0.000000 
0.196908 0.980422 0.000000 
0.243935 0.969792 0.000000 
0.243935 0.969792 0.000000 
0.004718 0.704268 0.913711 
0.031498 0.482198 1.017656 
0.029887 0.543357 0.963414 
0.031153 0.488332 1.008171 
0.031650 0.464185 1.039085 
0.022528 0.724894 0.902478 
0.030732 0.587019 0.968199 
0.027703 0.737367 0.891816 
0.031092 0.561686 0.979989 
0.020000 0.714821 0.902501 
0.031588 0.504421 1.001754 
0.088401 0.000000 0.996085 
0.088401 0.000000 0.996085 
0.039731 0.000000 0.999210 
0.088401 0.000000 0.996085 
0.078280 0.000000 0.996931 
0.088401 0.000000 0.996085 
0.894583 0.447222 0.291422 
0.909839 0.431463 0.228495 
0.875303 0.499590 0.389522 
0.818372 0.583425 0.333266 
0.884231 0.465821 0.378819 
0.886559 0.467096 0.379987 
0.884416 0.516372 0.367109 
0.823362 0.581126 0.331266 
0.911410 0.432112 0.228859 
0.895329 0.446257 0.425005 
0.912623 0.432956 0.229250 
0.889940 0.529008 0.301256 
0.892713 0.470785 0.384190 
0.895555 0.451564 0.293257 
0.910327 0.440036 0.236907 
0.823301 0.583835 0.331695 
0.825295 0.585083 0.332508 
0.822520 0.635388 0.437810 
0.915122 0.441345 0.233766 
0.129982 0.894249 0.602919 
0.130930 0.900769 0.607315 
0.131426 0.904176 0.609613 
0.131594 0.905338 0.610396 
0.092269 1.039723 0.655849 
0.891031 0.453943 0.000000 
0.983719 0.179714 0.000000 
0.952933 0.303180 0.000000 
0.941655 0.336580 0.000000 
0.946618 0.322356 0.000000 
0.946673 0.322196 0.000000 
0.984127 0.177464 0.000000 
0.991330 0.131394 0.000000 
0.965968 0.258663 0.000000 
0.025350 0.766120 0.873286 
0.030162 0.785048 0.863912 
0.026102 0.766266 0.869346 
0.009542 0.834394 0.782270 
0.009844 0.834957 0.784086 
0.000781 0.887366 0.773705 
0.026233 0.766407 0.868815 
0.041383 0.972873 0.703910 
0.038862 0.874645 0.775223 
0.664088 0.797588 0.537693 
0.525523 0.799477 0.566445 
0.577910 0.790704 0.581200 
0.507577 0.825446 0.550250 
0.562433 0.707355 0.601241 
0.574128 0.721631 0.611522 
0.575476 0.719933 0.612865 
0.527259 0.803466 0.570537 
0.547609 0.778127 0.617528 
0.493394 0.881071 0.547873 
0.529789 0.805797 0.570567 
0.664856 0.800850 0.540194 
0.537075 0.492307 0.864133 
0.533251 0.603170 0.768272 
0.538032 0.493187 0.865673 
0.535105 0.603303 0.768525 
0.535040 0.642783 0.748947 
0.540841 0.495761 0.870191 
0.482927 0.670128 0.789730 
0.487159 0.662842 0.787518 
0.499420 0.612830 0.784303 
0.472032 0.000000 0.881581 
0.472032 0.000000 0.881581 
0.391219 0.000000 0.920298 
0.424902 0.000000 0.905241 
0.472032 0.000000 0.881581 
0.310750 0.000000 0.950514 
0.472032 0.000000 0.881581 
0.384162 0.000000 0.923272 
0.287950 0.000000 0.957646 
0.472032 0.000000 0.881581 
0.267456 0.000000 0.963570 
0.472032 0.000000 0.881581 
0.472032 0.000000 0.881581 
0.418588 0.000000 0.908177 
0.472032 0.000000 0.881581 
0.472032 0.000000 0.881581 
1.017331 0.224020 0.332851 
0.988986 0.249862 0.308453 
0.959440 0.309554 0.272843 
0.985117 0.270037 0.289118 
0.979840 0.292799 0.286332 
0.959821 0.309677 0.272952 
0.964828 0.311293 0.274376 
0.975009 0.300070 0.270990 
0.976311 0.299386 0.281021 
0.979402 0.300982 0.272364 
0.976747 0.300142 0.280632 
0.976812 0.300107 0.280504 
0.976859 0.300121 0.280518 
1.101298 0.132658 0.439916 
0.990029 0.000000 0.140863 
0.948481 0.000000 0.316843 
0.995231 0.097547 0.000000 
0.992233 0.000000 0.124393 
0.990196 0.000000 0.139683 
0.967392 0.000000 0.253288 
0.337716 0.732894 0.756462 
0.281326 0.807392 0.739505 
0.315402 0.847491 0.724982 
0.251842 0.776866 0.775739 
0.331903 0.850955 0.688811 
0.252485 0.777769 0.775388 
0.233033 0.803358 0.838376 
0.256950 0.779526 0.760308 
0.652953 0.660418 0.636268 
0.757472 0.752816 0.490211 
0.703995 0.716517 0.506362 
0.645200 0.714142 0.639717 
0.661013 0.668461 0.645855 
0.685983 0.554334 0.808186 
0.709809 0.728796 0.531786 
0.719461 0.587148 0.622050 
0.736269 0.742912 0.505097 
0.658179 0.546213 0.813922 
0.719542 0.726504 0.187445 
0.790497 0.630685 0.164370 
0.741935 0.700907 0.182394 
0.782686 0.649927 0.161011 
0.791122 0.631017 0.164461 
0.750714 0.688625 0.178205 
0.720065 0.738551 0.189043 
0.722034 0.730133 0.188186 
0.743562 0.702605 0.181770 
0.772165 0.657120 0.169734 
0.774228 0.654989 0.169133 
0.724138 0.724159 0.187476 
0.651753 0.784614 0.226203 
0.600469 0.822924 0.209093 
0.593739 0.834437 0.206990 
0.458815 0.938777 0.175511 
0.511962 0.891169 0.183080 
0.435296 0.942382 0.169125 
0.599271 0.838570 0.209083 
0.555292 0.861902 0.196925 
0.627849 0.811207 0.218161 
0.521542 0.884062 0.188917 
0.400416 0.951045 0.163221 
0.628727 0.815877 0.218040 
0.480678 0.928462 0.180738 
0.653509 0.786773 0.226812 
0.654068 0.787041 0.227006 
0.396984 0.955250 0.162696 
0.558402 0.866728 0.198028 
0.654773 0.787744 0.227256 
0.667087 0.787885 0.232736 
0.592649 0.839997 0.206700 
0.001820 0.999998 0.000000 
0.001820 0.999998 0.000000 
0.000719 1.000000 0.000000 
0.001820 0.999998 0.000000 
0.001820 0.999998 0.000000 
0.001820 0.999998 0.000000 
0.001820 0.999998 0.000000 
0.001820 0.999998 0.000000 
0.827688 0.601086 0.236094 
0.939590 0.419357 0.187563 
0.829710 0.596779 0.236711 
0.822589 0.602920 0.235393 
0.397804 0.870482 0.602193 
0.409294 0.797701 0.736309 
0.411183 0.801162 0.740021 
0.407053 0.837016 0.655250 
