0.232451 0.520799 0.929000 
0.210296 0.593851 0.867788 
0.233581 0.536167 0.925270 
0.236892 0.565581 0.884394 
0.488388 0.459073 0.932262 
0.159769 0.697180 0.975428 
0.161982 0.738222 0.894478 
0.210916 0.596374 0.870948 
0.289886 0.543693 0.888165 
0.237792 0.565560 0.885868 
0.246189 0.565452 0.890288 
0.233124 0.522306 0.932573 
0.211154 0.597047 0.871931 
0.228560 0.726652 0.875637 
0.426933 0.656813 0.743602 
0.383134 0.666328 0.731884 
0.429763 0.661331 0.748667 
0.359063 0.687441 0.740179 
0.386631 0.669674 0.736234 
0.388049 0.671051 0.738016 
0.371446 0.679814 0.738541 
0.393452 0.668622 0.739067 
0.426896 0.662542 0.748319 
0.737055 0.693343 0.112364 
0.782945 0.622091 0.000000 
0.795905 0.605422 0.000000 
0.737853 0.692529 0.112511 
0.755346 0.655326 0.000000 
0.759572 0.650423 0.000000 
0.752417 0.658687 0.000000 
0.876407 0.481571 0.000000 
0.779922 0.625877 0.000000 
0.857157 0.515055 0.000000 
0.686645 0.325764 0.835269 
0.810147 0.247746 0.658354 
0.733638 0.185055 0.741217 
0.783530 0.148789 0.769973 
0.706476 0.198066 0.804994 
0.750716 0.188345 0.744006 
0.770284 0.156096 0.752638 
0.723008 0.185698 0.779717 
0.687848 0.326359 0.836750 
0.727221 0.188605 0.767423 
0.690996 0.324868 0.838380 
0.754697 0.233022 0.719535 
0.730595 0.183673 0.755803 
0.709460 0.186673 0.802715 
0.721810 0.186365 0.815162 
0.802425 0.252943 0.678195 
0.738872 0.181031 0.760240 
0.727228 0.184082 0.792004 
0.803222 0.206493 0.707979 
0.856654 0.575159 0.576427 
0.701378 0.468198 0.683086 
0.721890 0.482452 0.663118 
0.673156 0.447120 0.757128 
0.688722 0.458734 0.753303 
0.753755 0.504087 0.642618 
0.610009 0.404913 0.781544 
0.620416 0.411853 0.793472 
0.625945 0.415639 0.789898 
0.756706 0.506104 0.641619 
0.622297 0.413105 0.794430 
0.592711 0.000000 0.805416 
0.691867 0.000000 0.722025 
0.603293 0.000000 0.797520 
0.642355 0.000000 0.766407 
0.603277 0.000000 0.797531 
0.625987 0.000000 0.779833 
0.595276 0.000000 0.803521 
0.805639 0.000000 0.592407 
0.704628 0.000000 0.709579 
0.901746 0.000000 0.432267 
0.824617 0.000000 0.565691 
0.727326 0.000000 0.686292 
0.900011 0.000000 0.435878 
0.865325 0.000000 0.501217 
0.890915 0.000000 0.454170 
0.898420 0.179118 0.562367 
0.899430 0.179240 0.563107 
0.900146 0.179382 0.563555 
0.901135 0.179659 0.564067 
0.147131 0.000000 0.989117 
0.199633 0.000000 0.979871 
0.208254 0.000000 0.978075 
0.208254 0.000000 0.978075 
0.208254 0.000000 0.978075 
0.208254 0.000000 0.978075 
0.133524 0.000000 0.991046 
0.208254 0.000000 0.978075 
0.208254 0.000000 0.978075 
0.599344 0.800492 0.000000 
0.606533 0.795059 0.000000 
0.446701 0.894683 0.000000 
0.546158 0.837682 0.000000 
0.367654 0.929963 0.000000 
0.550751 0.834669 0.000000 
0.662491 0.749070 0.000000 
0.699782 0.714357 0.000000 
0.666767 0.745266 0.000000 
0.746389 0.665510 0.000000 
0.243935 0.969792 0.000000 
0.243935 0.969792 0.000000 
0.243935 0.969792 0.000000 
0.182400 0.983224 0.000000 
0.243935 0.969792 0.000000 
0.219901 0.975522 0.000000 
0.243935 0.969792 0.000000 
0.243935 0.969792 0.000000 
0.243935 0.969792 0.000000 
0.115844 0.993267 0.000000 
0.243935 0.969792 0.000000 
0.243935 0.969792 0.000000 
0.243935 0.969792 0.000000 
0.243935 0.969792 0.000000 
0.196908 0.980422 0.000000 
0.243935 0.969792 0.000000 
0.243935 0.969792 0.000000 
0.032248 0.687178 0.912457 
0.030806 0.463586 0.999883 
0.030082 0.540683 0.934142 
0.031181 0.491761 0.992522 
0.031748 0.446603 1.069131 
0.025583 0.711461 0.858327 
0.030240 0.545663 0.935655 
0.025710 0.715396 0.862829 
0.030352 0.545181 0.943093 
0.026843 0.715215 0.883294 
0.031051 0.493381 0.990077 
0.088401 0.000000 0.996085 
0.088401 0.000000 0.996085 
0.039731 0.000000 0.999210 
0.088401 0.000000 0.996085 
0.078280 0.000000 0.996931 
0.088401 0.000000 0.996085 
0.891815 0.452919 0.299049 
0.890825 0.461683 0.268875 
0.855190 0.481039 0.385658 
0.808006 0.602111 0.355594 
0.861175 0.488323 0.386683 
0.866708 0.467725 0.375783 
0.863707 0.493277 0.394801 
0.808110 0.563816 0.323682 
0.907557 0.429453 0.225670 
0.893541 0.443164 0.282962 
0.907966 0.430575 0.228025 
0.877689 0.499689 0.350062 
0.870590 0.470124 0.378790 
0.881282 0.459849 0.294856 
0.885020 0.462360 0.296308 
0.813118 0.567310 0.325688 
0.813897 0.574768 0.327766 
0.817555 0.584253 0.332344 
0.885160 0.461891 0.296160 
0.129299 0.889544 0.599747 
0.129281 0.890188 0.600171 
0.269191 0.877779 0.612527 
0.129456 0.891719 0.601163 
0.092269 1.039723 0.655849 
0.891031 0.453943 0.000000 
0.983719 0.179714 0.000000 
0.952933 0.303181 0.000000 
0.941655 0.336580 0.000000 
0.946618 0.322356 0.000000 
0.946673 0.322196 0.000000 
0.984127 0.177464 0.000000 
0.991330 0.131394 0.000000 
0.965968 0.258663 0.000000 
0.031029 0.701311 0.812209 
0.030301 0.739613 0.783523 
0.031261 0.706560 0.818287 
0.010196 0.808012 0.756129 
0.029087 0.788488 0.748341 
0.002514 0.857217 0.756326 
0.031800 0.715068 0.832926 
0.041383 0.972873 0.703910 
0.029136 0.781517 0.749534 
0.611348 0.768444 0.517070 
0.522815 0.750430 0.589541 
0.617260 0.736757 0.523759 
0.526136 0.795359 0.536743 
0.571887 0.706063 0.608856 
0.580451 0.723523 0.595313 
0.562766 0.706518 0.596685 
0.519373 0.789246 0.554507 
0.538092 0.764166 0.594471 
0.493394 0.881071 0.547873 
0.605553 0.747030 0.542126 
0.627249 0.754059 0.539680 
0.516079 0.479948 0.828248 
0.518152 0.597233 0.761502 
0.525140 0.493543 0.840312 
0.532055 0.602817 0.767887 
0.566511 0.704512 0.723823 
0.527157 0.480806 0.850771 
0.474961 0.648924 0.749002 
0.482524 0.663533 0.763194 
0.484239 0.570519 0.805236 
0.472032 0.000000 0.881581 
0.472032 0.000000 0.881581 
0.391219 0.000000 0.920298 
0.424901 0.000000 0.905240 
0.472032 0.000000 0.881581 
0.310762 0.000000 0.950510 
0.472032 0.000000 0.881581 
0.384246 0.000000 0.923240 
0.287942 0.000000 0.957648 
0.472032 0.000000 0.881581 
0.267456 0.000000 0.963570 
0.472032 0.000000 0.881581 
0.472032 0.000000 0.881581 
0.418599 0.000000 0.908172 
0.472032 0.000000 0.881581 
0.472032 0.000000 0.881581 
0.973168 0.148278 0.372651 
0.944369 0.251346 0.483681 
0.957924 0.329296 0.269881 
0.980370 0.272762 0.283492 
0.974588 0.138187 0.381987 
0.889111 0.441382 0.468140 
0.901877 0.410300 0.471150 
0.957989 0.314033 0.271302 
0.918972 0.414204 0.493045 
0.975009 0.300070 0.270990 
0.937672 0.272972 0.483707 
0.943183 0.336671 0.608558 
0.959006 0.327433 0.270101 
0.981913 0.103634 0.422585 
0.990029 0.000000 0.140863 
0.948479 0.000000 0.316842 
0.995231 0.097547 0.000000 
0.992233 0.000000 0.124393 
0.990196 0.000000 0.139685 
0.967391 0.000000 0.253287 
0.299727 0.738822 0.751130 
0.266550 0.783427 0.736010 
0.278308 0.798732 0.730970 
0.245184 0.762358 0.760454 
0.337648 0.900972 0.641897 
0.311425 0.733989 0.760742 
0.195460 0.745170 0.845485 
0.273824 0.794035 0.734241 
0.629075 0.634114 0.595739 
0.687194 0.700133 0.467622 
0.682954 0.695168 0.486273 
0.630424 0.637228 0.611560 
0.631966 0.637028 0.598477 
0.653147 0.552170 0.786910 
0.693182 0.705554 0.493606 
0.726780 0.608112 0.607328 
0.711488 0.729922 0.494807 
0.642130 0.576424 0.697496 
0.713146 0.729573 0.188333 
0.788756 0.629359 0.164002 
0.726715 0.697138 0.265005 
0.782686 0.649927 0.161011 
0.790245 0.630555 0.164312 
0.749624 0.686430 0.177506 
0.715743 0.731916 0.188960 
0.716714 0.735325 0.189702 
0.728831 0.696985 0.279528 
0.772165 0.657120 0.169734 
0.773628 0.655324 0.169561 
0.722898 0.706366 0.184205 
0.649333 0.780622 0.225349 
0.605314 0.812567 0.216501 
0.583100 0.824806 0.203564 
0.444047 0.926563 0.171671 
0.507015 0.887813 0.185290 
0.430784 0.936197 0.168934 
0.588815 0.829032 0.206647 
0.544882 0.851112 0.193461 
0.626875 0.800431 0.217284 
0.517297 0.886022 0.187864 
0.421335 0.945963 0.167200 
0.613808 0.810060 0.213084 
0.467520 0.917964 0.176914 
0.652577 0.784523 0.226475 
0.651753 0.784614 0.226203 
0.395505 0.951740 0.162093 
0.542147 0.854860 0.192938 
0.653235 0.785036 0.226715 
0.652334 0.786015 0.226414 
0.593739 0.834437 0.206990 
0.001820 0.999998 0.000000 
0.001820 0.999998 0.000000 
0.000719 1.000000 0.000000 
0.001820 0.999998 0.000000 
0.001820 0.999998 0.000000 
0.001820 0.999998 0.000000 
0.001820 0.999998 0.000000 
0.001820 0.999998 0.000000 
0.819312 0.589410 0.233751 
0.938597 0.419021 0.187454 
0.825217 0.588969 0.233788 
0.817275 0.598653 0.236574 
0.392144 0.857870 0.593781 
0.449341 0.690633 0.664091 
0.393175 0.777480 0.687017 
0.398088 0.792547 0.685800 
