0.229791 0.514837 0.918370 
0.211075 0.585029 0.866750 
0.231359 0.528467 0.916015 
0.283457 0.531948 0.868809 
0.474778 0.445301 0.907063 
0.159769 0.697180 0.975428 
0.153842 0.749554 0.890983 
0.204272 0.596109 0.867223 
0.279115 0.539140 0.879464 
0.229440 0.541801 0.880622 
0.231316 0.541626 0.885426 
0.230637 0.517457 0.921777 
0.210296 0.593851 0.867788 
0.215116 0.587333 0.869045 
0.430371 0.613561 0.815637 
0.390509 0.655197 0.725624 
0.435117 0.618494 0.827238 
0.357580 0.673887 0.727804 
0.388424 0.660632 0.729316 
0.393208 0.659724 0.730638 
0.385819 0.664545 0.731504 
0.390776 0.663989 0.733186 
0.438046 0.624472 0.830016 
0.737055 0.693343 0.112364 
0.782945 0.622091 0.000000 
0.795902 0.605426 0.000000 
0.737853 0.692529 0.112511 
0.755346 0.655326 0.000000 
0.759572 0.650423 0.000000 
0.752417 0.658687 0.000000 
0.876407 0.481571 0.000000 
0.779922 0.625877 0.000000 
0.857157 0.515055 0.000000 
0.644658 0.351369 0.886623 
0.810147 0.247746 0.658354 
0.733638 0.185055 0.741217 
0.778468 0.148499 0.756070 
0.706476 0.198066 0.804994 
0.736111 0.185672 0.743889 
0.770284 0.156096 0.752638 
0.723008 0.185698 0.779717 
0.676854 0.321266 0.823756 
0.726612 0.188854 0.774751 
0.643684 0.353189 0.890873 
0.754697 0.233022 0.719535 
0.727316 0.183219 0.747308 
0.703663 0.186924 0.818766 
0.708735 0.187970 0.817404 
0.792891 0.252224 0.661133 
0.738872 0.181031 0.760240 
0.727221 0.188605 0.767423 
0.803222 0.206493 0.707979 
0.790455 0.530325 0.554828 
0.701378 0.468198 0.683086 
0.717334 0.480288 0.659582 
0.643942 0.428434 0.737171 
0.679630 0.453245 0.712977 
0.743386 0.497152 0.633778 
0.607043 0.402959 0.776211 
0.596011 0.395087 0.821210 
0.610009 0.404913 0.781544 
0.750470 0.502043 0.628736 
0.600474 0.398045 0.827359 
0.592711 0.000000 0.805416 
0.691867 0.000000 0.722025 
0.603293 0.000000 0.797520 
0.642372 0.000000 0.766393 
0.603277 0.000000 0.797531 
0.625987 0.000000 0.779833 
0.595276 0.000000 0.803521 
0.805639 0.000000 0.592407 
0.704628 0.000000 0.709578 
0.901746 0.000000 0.432267 
0.824617 0.000000 0.565691 
0.727317 0.000000 0.686301 
0.900007 0.000000 0.435876 
0.865325 0.000000 0.501217 
0.890915 0.000000 0.454170 
0.872814 0.173944 0.542778 
0.846764 0.203279 0.683499 
0.879777 0.175331 0.547108 
0.886982 0.176835 0.551171 
0.147136 0.000000 0.989116 
0.199633 0.000000 0.979871 
0.208254 0.000000 0.978075 
0.208254 0.000000 0.978075 
0.208254 0.000000 0.978075 
0.208254 0.000000 0.978075 
0.133524 0.000000 0.991046 
0.208254 0.000000 0.978075 
0.208254 0.000000 0.978075 
0.599344 0.800492 0.000000 
0.606533 0.795059 0.000000 
0.446701 0.894683 0.000000 
0.546158 0.837682 0.000000 
0.367654 0.929963 0.000000 
0.550751 0.834669 0.000000 
0.662491 0.749070 0.000000 
0.699782 0.714357 0.000000 
0.666767 0.745266 0.000000 
0.746389 0.665510 0.000000 
0.243935 0.969792 0.000000 
0.457077 0.949491 0.568260 
0.243935 0.969792 0.000000 
0.182405 0.983223 0.000000 
0.243935 0.969792 0.000000 
0.219901 0.975522 0.000000 
0.243935 0.969792 0.000000 
0.243935 0.969792 0.000000 
0.243935 0.969792 0.000000 
0.115844 0.993267 0.000000 
0.243935 0.969792 0.000000 
0.243935 0.969792 0.000000 
0.243935 0.969792 0.000000 
0.243935 0.969792 0.000000 
0.196922 0.980419 0.000000 
0.243935 0.969792 0.000000 
0.243935 0.969792 0.000000 
0.026955 0.685412 0.854256 
0.030806 0.463586 0.999883 
0.030078 0.555537 0.928156 
0.030676 0.489055 0.972821 
0.029463 0.438790 1.004426 
0.030761 0.692033 0.848399 
0.030082 0.540683 0.934142 
0.025335 0.699602 0.847798 
0.028201 0.538779 0.940916 
0.025805 0.686712 0.860468 
0.031051 0.493381 0.990077 
0.088401 0.000000 0.996085 
0.088401 0.000000 0.996085 
0.039731 0.000000 0.999210 
0.088401 0.000000 0.996085 
0.078280 0.000000 0.996931 
0.088401 0.000000 0.996085 
0.889045 0.452409 0.298012 
0.890825 0.461683 0.268875 
0.837869 0.462197 0.434416 
0.799047 0.599975 0.344701 
0.855190 0.481039 0.385658 
0.862400 0.464780 0.373569 
0.857635 0.488606 0.388942 
0.808110 0.563816 0.323682 
0.907557 0.429453 0.225670 
0.893342 0.449460 0.277852 
0.907966 0.430575 0.228025 
0.876225 0.509420 0.349631 
0.862404 0.469489 0.400937 
0.874473 0.461025 0.373083 
0.881282 0.459849 0.294856 
0.808006 0.602111 0.355594 
0.809037 0.605870 0.349516 
0.810186 0.609855 0.361715 
0.885020 0.462360 0.296308 
0.090581 0.883052 0.592240 
0.091180 0.888849 0.596128 
0.269191 0.877779 0.612527 
0.091277 0.889297 0.596431 
0.089021 0.905426 0.606988 
0.891024 0.453956 0.000000 
0.983719 0.179714 0.000000 
0.952933 0.303181 0.000000 
0.941655 0.336580 0.000000 
0.946618 0.322356 0.000000 
0.946673 0.322196 0.000000 
0.984127 0.177468 0.000000 
0.991330 0.131394 0.000000 
0.965968 0.258663 0.000000 
0.030809 0.696379 0.806157 
0.030301 0.739613 0.783523 
0.030834 0.696938 0.806805 
0.010196 0.808012 0.756129 
0.023468 0.780788 0.743420 
0.002508 0.855357 0.754686 
0.030938 0.699335 0.809567 
0.083664 0.902110 0.651019 
0.029087 0.788488 0.748341 
0.611348 0.768444 0.517070 
0.505829 0.768295 0.585894 
0.587620 0.728478 0.523104 
0.526136 0.795359 0.536743 
0.556167 0.694958 0.630895 
0.569179 0.712136 0.594793 
0.562766 0.706518 0.596685 
0.509506 0.773880 0.590153 
0.522194 0.745141 0.586413 
0.492529 0.872958 0.543974 
0.590085 0.731534 0.524991 
0.612305 0.725082 0.517071 
0.554906 0.453393 0.882549 
0.518152 0.597233 0.761502 
0.516079 0.479948 0.828248 
0.526420 0.611942 0.765359 
0.485774 0.685712 0.688580 
0.525979 0.479105 0.849122 
0.474961 0.648924 0.749002 
0.477196 0.660357 0.736058 
0.479236 0.566185 0.809421 
0.472032 0.000000 0.881581 
0.472032 0.000000 0.881581 
0.391219 0.000000 0.920298 
0.424901 0.000000 0.905240 
0.472032 0.000000 0.881581 
0.310704 0.000000 0.950507 
0.472032 0.000000 0.881581 
0.384245 0.000000 0.923240 
0.287942 0.000000 0.957648 
0.472032 0.000000 0.881581 
0.267456 0.000000 0.963570 
0.472032 0.000000 0.881581 
0.472032 0.000000 0.881581 
0.418599 0.000000 0.908172 
0.472032 0.000000 0.881581 
0.472032 0.000000 0.881581 
0.970739 0.158352 0.379855 
0.942671 0.244974 0.477780 
0.956161 0.312365 0.260033 
0.980370 0.272762 0.283492 
0.968908 0.281214 0.275973 
0.885813 0.442305 0.467227 
0.916845 0.402779 0.478838 
0.957924 0.329296 0.269881 
0.901877 0.410300 0.471150 
0.985651 0.295874 0.271077 
0.937672 0.272972 0.483707 
0.935880 0.327517 0.488773 
0.957989 0.314033 0.271302 
0.972610 0.104112 0.419183 
0.990029 0.000000 0.140865 
0.948447 0.000000 0.316939 
0.995231 0.097547 0.000000 
0.992233 0.000000 0.124396 
0.990196 0.000000 0.139685 
0.967391 0.000000 0.253287 
0.299727 0.738822 0.751130 
0.266550 0.783427 0.736010 
0.278308 0.798732 0.730970 
0.245184 0.762358 0.760454 
0.337648 0.900972 0.641897 
0.311425 0.733989 0.760742 
0.195460 0.745170 0.845485 
0.273824 0.794035 0.734241 
0.623571 0.629931 0.592146 
0.713279 0.711821 0.452230 
0.676080 0.688604 0.466897 
0.625864 0.632230 0.594312 
0.629075 0.634114 0.595739 
0.632078 0.533546 0.764429 
0.681301 0.693647 0.480500 
0.726780 0.608112 0.607328 
0.685830 0.698523 0.474033 
0.638825 0.540408 0.770385 
0.712959 0.727612 0.187818 
0.785883 0.629816 0.162763 
0.726715 0.697138 0.265005 
0.782686 0.649927 0.161011 
0.789170 0.628329 0.163790 
0.746144 0.683570 0.176270 
0.710093 0.730209 0.188450 
0.713146 0.729573 0.188333 
0.731671 0.695505 0.287911 
0.769679 0.654198 0.168636 
0.770646 0.655295 0.168261 
0.721057 0.706385 0.184147 
0.673674 0.777321 0.233203 
0.599122 0.808861 0.215075 
0.583100 0.824806 0.203564 
0.448043 0.922382 0.172027 
0.507015 0.887813 0.185290 
0.430784 0.936197 0.168934 
0.592253 0.826542 0.207557 
0.544882 0.851112 0.193461 
0.626875 0.800431 0.217284 
0.517297 0.886022 0.187864 
0.421335 0.945963 0.167200 
0.613808 0.810060 0.213084 
0.467520 0.917964 0.176914 
0.649026 0.780253 0.225242 
0.649333 0.780622 0.225349 
0.394325 0.949504 0.161653 
0.542147 0.854860 0.192938 
0.649714 0.782961 0.225447 
0.677021 0.780647 0.234362 
0.588815 0.829032 0.206647 
0.001820 0.999998 0.000000 
0.001820 0.999998 0.000000 
0.000719 1.000000 0.000000 
0.001820 0.999998 0.000000 
0.001820 0.999998 0.000000 
0.001820 0.999998 0.000000 
0.001820 0.999998 0.000000 
0.001820 0.999998 0.000000 
0.819312 0.589410 0.233751 
0.938597 0.419021 0.187454 
0.823565 0.587790 0.233320 
0.816806 0.598308 0.236438 
0.423993 0.771850 0.587445 
0.449341 0.690633 0.664091 
0.393175 0.777480 0.687017 
0.398088 0.792547 0.685800 
